Vastus medialis (mV)	Time (ms)
-0.0046	0.001
-0.0015	0.002
-0.0015	0.003
-0.0038	0.004
-0.0068	0.005
-0.0105	0.006
-0.0075	0.007
-0.003	0.008
0.0007	0.009
0.0022	0.01
0.0045	0.011
0.009	0.012
0.012	0.013
0.0097	0.014
0.0007	0.015
-0.0015	0.016
-0.0046	0.017
-0.0068	0.018
-0.0046	0.019
0.0	0.02
0.006	0.021
0.0007	0.022
-0.0046	0.023
-0.0098	0.024
-0.0218	0.025
-0.0195	0.026
-0.0053	0.027
0.0052	0.028
0.0142	0.029
0.0187	0.03
0.0172	0.031
0.0172	0.032
0.0165	0.033
0.0127	0.034
-0.0008	0.035
-0.0173	0.036
-0.0203	0.037
-0.0113	0.038
-0.0105	0.039
-0.006	0.04
0.0075	0.041
0.0165	0.042
0.0157	0.043
0.0127	0.044
0.012	0.045
0.0037	0.046
-0.0015	0.047
-0.0038	0.048
-0.0046	0.049
-0.0008	0.05
0.0007	0.051
0.0052	0.052
0.0045	0.053
0.0007	0.054
-0.0015	0.055
-0.006	0.056
-0.0105	0.057
-0.0128	0.058
-0.0128	0.059
-0.0083	0.06
-0.0015	0.061
0.0	0.062
-0.0008	0.063
0.0007	0.064
0.0015	0.065
0.003	0.066
0.0015	0.067
-0.0008	0.068
-0.0008	0.069
-0.0046	0.07
-0.0046	0.071
-0.006	0.072
-0.0083	0.073
-0.0053	0.074
-0.0008	0.075
0.0037	0.076
0.006	0.077
0.0082	0.078
0.0097	0.079
0.009	0.08
0.006	0.081
0.0052	0.082
0.0015	0.083
0.0007	0.084
0.0	0.085
0.0007	0.086
0.0	0.087
-0.003	0.088
-0.0046	0.089
-0.0053	0.09
-0.003	0.091
-0.003	0.092
-0.0015	0.093
-0.0008	0.094
-0.003	0.095
-0.0038	0.096
-0.0015	0.097
0.0007	0.098
0.0007	0.099
0.0007	0.1
0.0015	0.101
0.0037	0.102
0.003	0.103
-0.0008	0.104
-0.0015	0.105
0.0007	0.106
0.0007	0.107
-0.0015	0.108
-0.0008	0.109
-0.0008	0.11
0.0007	0.111
0.003	0.112
0.0015	0.113
0.0015	0.114
0.0	0.115
-0.0015	0.116
-0.0008	0.117
-0.0015	0.118
-0.0023	0.119
-0.0008	0.12
0.0015	0.121
0.0045	0.122
0.0037	0.123
0.0015	0.124
0.0045	0.125
0.003	0.126
0.0015	0.127
0.0015	0.128
0.0015	0.129
0.003	0.13
0.0	0.131
-0.0015	0.132
0.0015	0.133
-0.0015	0.134
-0.0023	0.135
-0.0008	0.136
-0.0015	0.137
-0.003	0.138
-0.0046	0.139
-0.0046	0.14
-0.0038	0.141
-0.003	0.142
-0.003	0.143
0.0	0.144
0.0015	0.145
0.0007	0.146
-0.0015	0.147
-0.0053	0.148
-0.0046	0.149
-0.0053	0.15
-0.0068	0.151
-0.0068	0.152
-0.0113	0.153
-0.0203	0.154
-0.0218	0.155
-0.0128	0.156
-0.0008	0.157
0.0127	0.158
0.018	0.159
0.0217	0.16
0.0255	0.161
0.0217	0.162
0.0285	0.163
0.0307	0.164
0.0135	0.165
-0.0008	0.166
-0.0068	0.167
-0.0068	0.168
-0.0053	0.169
-0.0075	0.17
-0.0068	0.171
-0.0053	0.172
-0.003	0.173
-0.0015	0.174
-0.0053	0.175
-0.0083	0.176
-0.0083	0.177
-0.0083	0.178
-0.0068	0.179
-0.006	0.18
-0.0038	0.181
-0.0008	0.182
-0.0053	0.183
-0.006	0.184
-0.006	0.185
-0.006	0.186
-0.0038	0.187
-0.0023	0.188
0.0015	0.189
0.006	0.19
0.0097	0.191
0.012	0.192
0.0112	0.193
0.009	0.194
0.0082	0.195
0.0082	0.196
0.0052	0.197
0.003	0.198
0.0	0.199
-0.0008	0.2
-0.003	0.201
-0.003	0.202
-0.0008	0.203
-0.0023	0.204
-0.0008	0.205
0.0007	0.206
-0.0015	0.207
-0.0015	0.208
-0.003	0.209
-0.0015	0.21
0.0007	0.211
0.0015	0.212
0.0007	0.213
0.0	0.214
-0.0015	0.215
0.0	0.216
0.0022	0.217
-0.0008	0.218
-0.0015	0.219
0.0015	0.22
0.0015	0.221
-0.0023	0.222
-0.0023	0.223
-0.0015	0.224
-0.0038	0.225
-0.003	0.226
-0.003	0.227
0.0007	0.228
0.0022	0.229
0.0015	0.23
0.0007	0.231
-0.003	0.232
-0.0015	0.233
-0.0008	0.234
-0.0008	0.235
-0.0008	0.236
-0.0008	0.237
-0.0015	0.238
-0.003	0.239
-0.0015	0.24
-0.0008	0.241
-0.0008	0.242
0.0015	0.243
0.003	0.244
0.0015	0.245
0.0015	0.246
0.0015	0.247
0.0	0.248
-0.0008	0.249
-0.0015	0.25
-0.0023	0.251
-0.0015	0.252
0.0007	0.253
0.0007	0.254
-0.0015	0.255
-0.003	0.256
-0.0008	0.257
0.0007	0.258
0.0007	0.259
-0.0008	0.26
-0.0023	0.261
-0.0015	0.262
-0.0015	0.263
0.0015	0.264
0.0045	0.265
0.006	0.266
0.0022	0.267
-0.0015	0.268
0.0015	0.269
0.0052	0.27
0.0015	0.271
0.0007	0.272
0.0007	0.273
-0.0015	0.274
-0.0015	0.275
-0.0038	0.276
-0.003	0.277
-0.003	0.278
-0.0023	0.279
0.0007	0.28
-0.0008	0.281
0.0015	0.282
0.003	0.283
-0.0008	0.284
-0.0023	0.285
-0.0008	0.286
0.0007	0.287
-0.0023	0.288
-0.003	0.289
-0.003	0.29
-0.003	0.291
0.0	0.292
0.003	0.293
0.003	0.294
0.0015	0.295
0.003	0.296
0.003	0.297
0.0037	0.298
0.0022	0.299
-0.0008	0.3
-0.0015	0.301
-0.003	0.302
-0.0015	0.303
-0.0015	0.304
-0.0038	0.305
-0.0046	0.306
-0.0046	0.307
-0.003	0.308
-0.0008	0.309
0.003	0.31
0.0052	0.311
0.0052	0.312
0.006	0.313
0.0052	0.314
0.003	0.315
0.0022	0.316
0.0015	0.317
-0.0015	0.318
-0.0046	0.319
-0.0038	0.32
-0.0038	0.321
-0.0023	0.322
0.0015	0.323
0.0007	0.324
0.0015	0.325
0.0007	0.326
-0.0008	0.327
0.0007	0.328
-0.0008	0.329
0.0015	0.33
0.0037	0.331
0.0045	0.332
0.0015	0.333
-0.0015	0.334
-0.0015	0.335
-0.0015	0.336
-0.0008	0.337
-0.0038	0.338
-0.0046	0.339
-0.003	0.34
-0.0015	0.341
0.0007	0.342
0.0	0.343
0.0015	0.344
0.0037	0.345
0.003	0.346
0.0015	0.347
-0.0015	0.348
-0.0015	0.349
0.0	0.35
-0.0008	0.351
-0.0008	0.352
0.0	0.353
-0.0015	0.354
-0.0015	0.355
-0.0023	0.356
-0.0038	0.357
-0.006	0.358
-0.0053	0.359
-0.0015	0.36
-0.0023	0.361
-0.0015	0.362
0.0015	0.363
0.0007	0.364
0.0015	0.365
0.0007	0.366
-0.0008	0.367
0.0	0.368
0.0007	0.369
0.0007	0.37
0.0007	0.371
0.003	0.372
0.0037	0.373
0.003	0.374
0.0022	0.375
-0.0008	0.376
-0.003	0.377
-0.0015	0.378
0.0007	0.379
-0.0008	0.38
0.0015	0.381
0.003	0.382
0.003	0.383
0.0037	0.384
0.0045	0.385
0.0067	0.386
0.0052	0.387
0.003	0.388
0.003	0.389
0.0	0.39
-0.003	0.391
-0.003	0.392
-0.0053	0.393
-0.006	0.394
-0.0038	0.395
-0.0015	0.396
-0.0008	0.397
-0.0008	0.398
-0.0008	0.399
-0.0008	0.4
-0.0008	0.401
-0.0008	0.402
0.0007	0.403
-0.0008	0.404
-0.0015	0.405
0.0007	0.406
0.003	0.407
0.0045	0.408
0.003	0.409
0.0007	0.41
-0.003	0.411
-0.0038	0.412
-0.003	0.413
0.0	0.414
0.0007	0.415
0.0007	0.416
0.0	0.417
-0.0015	0.418
0.0022	0.419
0.0007	0.42
-0.0008	0.421
-0.0008	0.422
0.0007	0.423
0.003	0.424
0.0007	0.425
-0.0008	0.426
-0.0015	0.427
-0.0015	0.428
-0.0008	0.429
-0.0008	0.43
-0.0015	0.431
0.0007	0.432
0.0022	0.433
0.0015	0.434
0.0	0.435
-0.0008	0.436
0.0007	0.437
-0.0008	0.438
-0.0023	0.439
-0.003	0.44
-0.0046	0.441
-0.0046	0.442
-0.0015	0.443
0.0	0.444
0.0015	0.445
0.0037	0.446
0.0015	0.447
0.003	0.448
0.0015	0.449
-0.0008	0.45
0.0	0.451
0.0022	0.452
0.003	0.453
-0.0008	0.454
-0.0008	0.455
0.0007	0.456
-0.0008	0.457
-0.0015	0.458
-0.0015	0.459
-0.0015	0.46
-0.0053	0.461
-0.0068	0.462
-0.0053	0.463
-0.0068	0.464
-0.0068	0.465
-0.0008	0.466
0.0007	0.467
0.0015	0.468
0.003	0.469
0.0015	0.47
0.003	0.471
0.0037	0.472
0.003	0.473
0.0037	0.474
0.0045	0.475
0.003	0.476
0.0015	0.477
0.0015	0.478
0.0022	0.479
0.003	0.48
0.003	0.481
0.003	0.482
-0.0008	0.483
0.0	0.484
-0.0008	0.485
-0.0023	0.486
-0.0023	0.487
-0.0046	0.488
-0.0046	0.489
-0.0053	0.49
-0.003	0.491
-0.0015	0.492
-0.0015	0.493
0.0015	0.494
0.0007	0.495
0.0007	0.496
0.0007	0.497
-0.0008	0.498
-0.0008	0.499
-0.0015	0.5
-0.0008	0.501
0.003	0.502
0.003	0.503
0.0045	0.504
0.0037	0.505
0.0045	0.506
0.0037	0.507
0.0007	0.508
0.0015	0.509
0.0037	0.51
0.0037	0.511
0.003	0.512
-0.0008	0.513
0.0	0.514
0.0	0.515
-0.0015	0.516
-0.0023	0.517
-0.0015	0.518
-0.0015	0.519
-0.0008	0.52
-0.0008	0.521
-0.003	0.522
-0.0015	0.523
-0.003	0.524
-0.0053	0.525
-0.0053	0.526
-0.0046	0.527
-0.0046	0.528
-0.0046	0.529
-0.003	0.53
-0.0015	0.531
-0.0008	0.532
0.0007	0.533
0.0007	0.534
0.0007	0.535
0.0	0.536
0.0007	0.537
0.0015	0.538
0.0007	0.539
-0.0046	0.54
-0.0038	0.541
-0.0015	0.542
-0.0023	0.543
-0.0015	0.544
-0.0015	0.545
-0.0008	0.546
-0.0008	0.547
0.0022	0.548
0.0015	0.549
0.0015	0.55
0.0015	0.551
0.0007	0.552
0.003	0.553
0.0007	0.554
0.0	0.555
0.0015	0.556
0.003	0.557
0.0015	0.558
-0.0015	0.559
-0.0008	0.56
-0.0008	0.561
-0.0015	0.562
0.0007	0.563
0.0015	0.564
0.0015	0.565
-0.0008	0.566
0.0007	0.567
0.0015	0.568
0.0015	0.569
0.0045	0.57
0.0045	0.571
0.0052	0.572
0.0037	0.573
0.0007	0.574
0.0007	0.575
0.0007	0.576
0.0015	0.577
0.0015	0.578
0.0007	0.579
-0.0008	0.58
-0.0015	0.581
0.0	0.582
0.0	0.583
-0.0015	0.584
-0.003	0.585
-0.003	0.586
-0.0008	0.587
-0.0015	0.588
-0.0008	0.589
0.0	0.59
0.0	0.591
0.0	0.592
0.0	0.593
-0.0008	0.594
-0.0015	0.595
-0.0023	0.596
-0.0015	0.597
0.0015	0.598
0.0037	0.599
0.0015	0.6
0.0007	0.601
-0.0008	0.602
-0.0015	0.603
-0.0023	0.604
-0.0046	0.605
-0.0015	0.606
0.0007	0.607
-0.0008	0.608
0.0007	0.609
0.0	0.61
-0.0008	0.611
0.0	0.612
-0.0008	0.613
-0.0015	0.614
-0.0008	0.615
0.0007	0.616
0.003	0.617
0.0007	0.618
-0.0015	0.619
-0.0015	0.62
-0.0008	0.621
-0.0008	0.622
-0.0015	0.623
-0.0015	0.624
-0.0015	0.625
-0.003	0.626
-0.0023	0.627
-0.0015	0.628
0.0022	0.629
0.0045	0.63
0.0052	0.631
0.0045	0.632
0.0015	0.633
0.0007	0.634
0.0007	0.635
-0.0015	0.636
-0.0038	0.637
-0.003	0.638
-0.0023	0.639
-0.0008	0.64
-0.0015	0.641
-0.0015	0.642
0.0015	0.643
0.0022	0.644
0.003	0.645
0.0022	0.646
0.0007	0.647
0.0015	0.648
0.0	0.649
-0.003	0.65
-0.003	0.651
-0.003	0.652
-0.003	0.653
-0.003	0.654
-0.0015	0.655
0.0	0.656
0.0007	0.657
-0.003	0.658
-0.0046	0.659
-0.0015	0.66
0.0007	0.661
-0.0008	0.662
-0.0023	0.663
-0.003	0.664
-0.0023	0.665
-0.0023	0.666
-0.0023	0.667
-0.0015	0.668
-0.0008	0.669
-0.0008	0.67
0.0007	0.671
0.0015	0.672
0.0015	0.673
0.0022	0.674
0.0022	0.675
0.0022	0.676
0.0052	0.677
0.0052	0.678
0.0045	0.679
0.003	0.68
0.003	0.681
0.0007	0.682
-0.0015	0.683
-0.0015	0.684
-0.0008	0.685
-0.0015	0.686
-0.003	0.687
-0.003	0.688
-0.0023	0.689
-0.0023	0.69
-0.0008	0.691
-0.0008	0.692
0.0015	0.693
0.0045	0.694
0.0037	0.695
0.0052	0.696
0.0045	0.697
0.0015	0.698
0.0	0.699
0.0007	0.7
0.0022	0.701
0.0022	0.702
0.0015	0.703
0.0015	0.704
0.0015	0.705
-0.0008	0.706
-0.0008	0.707
0.0007	0.708
0.0	0.709
0.0007	0.71
-0.0008	0.711
-0.0008	0.712
-0.0008	0.713
-0.003	0.714
-0.0015	0.715
-0.0008	0.716
0.0007	0.717
0.0	0.718
-0.0015	0.719
-0.0015	0.72
-0.0008	0.721
-0.0023	0.722
-0.0015	0.723
0.0007	0.724
0.0007	0.725
0.0	0.726
0.0007	0.727
0.0007	0.728
0.0015	0.729
0.0015	0.73
0.0007	0.731
0.0007	0.732
0.0	0.733
-0.0008	0.734
0.0	0.735
-0.0023	0.736
-0.003	0.737
-0.0008	0.738
0.0015	0.739
0.0015	0.74
0.0045	0.741
0.0045	0.742
0.003	0.743
0.0015	0.744
0.0015	0.745
0.0015	0.746
0.003	0.747
0.0037	0.748
0.0015	0.749
0.0007	0.75
-0.0015	0.751
-0.0015	0.752
0.0	0.753
-0.0008	0.754
-0.0023	0.755
-0.0046	0.756
-0.0038	0.757
-0.0046	0.758
-0.0053	0.759
-0.0053	0.76
-0.0053	0.761
-0.0038	0.762
-0.003	0.763
-0.0023	0.764
-0.0015	0.765
-0.003	0.766
-0.0053	0.767
-0.0046	0.768
-0.0038	0.769
-0.003	0.77
0.0	0.771
0.0015	0.772
0.0045	0.773
0.0082	0.774
0.009	0.775
0.0075	0.776
0.0045	0.777
0.0045	0.778
0.0052	0.779
0.0022	0.78
0.0007	0.781
0.0015	0.782
-0.0008	0.783
-0.0015	0.784
-0.0015	0.785
-0.0038	0.786
-0.0038	0.787
-0.0008	0.788
-0.0008	0.789
-0.0015	0.79
-0.003	0.791
-0.0053	0.792
-0.006	0.793
-0.0053	0.794
-0.0038	0.795
-0.003	0.796
-0.0015	0.797
-0.0008	0.798
0.0015	0.799
0.0015	0.8
0.0037	0.801
0.0067	0.802
0.0037	0.803
0.003	0.804
0.0037	0.805
0.0037	0.806
0.0007	0.807
-0.0008	0.808
-0.003	0.809
-0.0015	0.81
-0.0008	0.811
-0.0008	0.812
0.0037	0.813
0.003	0.814
0.0015	0.815
0.0007	0.816
-0.0008	0.817
-0.0008	0.818
-0.0008	0.819
-0.0023	0.82
-0.0008	0.821
0.0022	0.822
-0.0008	0.823
-0.0008	0.824
0.0	0.825
-0.0015	0.826
-0.0023	0.827
-0.0008	0.828
-0.0008	0.829
-0.003	0.83
-0.0008	0.831
-0.0015	0.832
-0.003	0.833
-0.0015	0.834
-0.0015	0.835
-0.0015	0.836
-0.0008	0.837
-0.0008	0.838
-0.0008	0.839
0.0007	0.84
-0.0015	0.841
-0.0015	0.842
-0.0015	0.843
-0.0008	0.844
0.0	0.845
0.0	0.846
0.003	0.847
0.0052	0.848
0.006	0.849
0.0045	0.85
0.003	0.851
0.0007	0.852
0.0007	0.853
0.003	0.854
0.0007	0.855
0.0007	0.856
0.0007	0.857
0.0007	0.858
0.0007	0.859
-0.0015	0.86
-0.0053	0.861
-0.006	0.862
-0.0046	0.863
-0.003	0.864
-0.0023	0.865
0.0007	0.866
0.0045	0.867
0.006	0.868
0.0067	0.869
0.0082	0.87
0.0052	0.871
0.0052	0.872
0.0052	0.873
0.0045	0.874
0.003	0.875
0.0	0.876
-0.0008	0.877
-0.0038	0.878
-0.003	0.879
-0.0008	0.88
-0.0008	0.881
-0.0008	0.882
-0.0015	0.883
-0.0015	0.884
-0.0015	0.885
0.0	0.886
-0.0008	0.887
-0.0053	0.888
-0.0068	0.889
-0.0091	0.89
-0.0105	0.891
-0.0068	0.892
-0.0053	0.893
-0.003	0.894
-0.003	0.895
-0.0015	0.896
-0.0015	0.897
-0.0015	0.898
-0.0008	0.899
0.0007	0.9
0.0015	0.901
0.003	0.902
0.0022	0.903
0.0022	0.904
0.0007	0.905
0.0015	0.906
0.003	0.907
0.003	0.908
0.0045	0.909
0.0052	0.91
0.0022	0.911
0.0007	0.912
-0.0008	0.913
-0.0015	0.914
-0.0023	0.915
-0.003	0.916
-0.0053	0.917
-0.0046	0.918
-0.003	0.919
-0.0053	0.92
-0.006	0.921
-0.0068	0.922
-0.0075	0.923
-0.0046	0.924
-0.0008	0.925
0.0015	0.926
0.0022	0.927
0.0045	0.928
0.0082	0.929
0.0082	0.93
0.009	0.931
0.0082	0.932
0.006	0.933
0.0045	0.934
0.003	0.935
0.0052	0.936
0.0045	0.937
0.0037	0.938
-0.0008	0.939
-0.0038	0.94
-0.003	0.941
-0.003	0.942
-0.003	0.943
-0.006	0.944
-0.0046	0.945
-0.003	0.946
-0.003	0.947
-0.003	0.948
-0.0023	0.949
-0.0015	0.95
-0.0008	0.951
0.0037	0.952
0.0067	0.953
0.006	0.954
0.0052	0.955
0.003	0.956
0.0022	0.957
0.0015	0.958
0.0015	0.959
0.003	0.96
0.0015	0.961
0.0007	0.962
0.0	0.963
-0.0015	0.964
-0.0015	0.965
-0.0008	0.966
-0.0015	0.967
-0.003	0.968
-0.0038	0.969
-0.0046	0.97
-0.003	0.971
-0.0023	0.972
-0.0015	0.973
-0.0008	0.974
0.0007	0.975
0.003	0.976
0.003	0.977
0.003	0.978
0.0022	0.979
-0.0008	0.98
0.0007	0.981
0.0015	0.982
0.0007	0.983
-0.0008	0.984
-0.0015	0.985
0.0007	0.986
0.0022	0.987
0.003	0.988
0.0	0.989
-0.0023	0.99
-0.0046	0.991
-0.0046	0.992
-0.003	0.993
-0.0053	0.994
-0.0046	0.995
-0.0068	0.996
-0.0046	0.997
-0.0015	0.998
0.0007	0.999
0.003	1.0
0.0037	1.001
0.0067	1.002
0.0105	1.003
0.0105	1.004
0.0105	1.005
0.0105	1.006
0.009	1.007
0.0067	1.008
0.0045	1.009
0.0	1.01
-0.0038	1.011
-0.0053	1.012
-0.003	1.013
-0.0038	1.014
-0.0046	1.015
-0.003	1.016
-0.0068	1.017
-0.0091	1.018
-0.0068	1.019
-0.0075	1.02
-0.0091	1.021
-0.0068	1.022
-0.0038	1.023
-0.0015	1.024
0.0007	1.025
0.003	1.026
0.0037	1.027
0.0022	1.028
0.003	1.029
0.003	1.03
0.003	1.031
0.0037	1.032
0.0052	1.033
0.0022	1.034
-0.0015	1.035
-0.0046	1.036
-0.0053	1.037
-0.0075	1.038
-0.0083	1.039
-0.0075	1.04
-0.0083	1.041
-0.006	1.042
-0.0008	1.043
0.0022	1.044
0.0045	1.045
0.0075	1.046
0.009	1.047
0.009	1.048
0.0067	1.049
0.006	1.05
0.0037	1.051
0.0007	1.052
0.0015	1.053
0.0015	1.054
0.0022	1.055
0.0007	1.056
0.0	1.057
0.0015	1.058
0.0007	1.059
0.0007	1.06
-0.0015	1.061
-0.0015	1.062
-0.0023	1.063
-0.0046	1.064
-0.0046	1.065
-0.0075	1.066
-0.0068	1.067
-0.006	1.068
-0.0053	1.069
-0.0046	1.07
-0.0008	1.071
0.003	1.072
0.006	1.073
0.0075	1.074
0.0082	1.075
0.0082	1.076
0.0045	1.077
0.0015	1.078
0.0	1.079
-0.0008	1.08
0.0	1.081
0.0007	1.082
0.0	1.083
0.0007	1.084
-0.0008	1.085
-0.0015	1.086
-0.003	1.087
-0.003	1.088
-0.0023	1.089
-0.003	1.09
-0.0023	1.091
-0.0046	1.092
-0.003	1.093
-0.0038	1.094
-0.0023	1.095
0.0	1.096
-0.0023	1.097
-0.0023	1.098
0.0007	1.099
0.0007	1.1
-0.0008	1.101
0.0	1.102
0.0	1.103
-0.0015	1.104
0.0007	1.105
0.0007	1.106
0.0007	1.107
0.0	1.108
-0.003	1.109
0.0	1.11
0.0015	1.111
0.0015	1.112
0.003	1.113
0.0037	1.114
0.0045	1.115
0.0015	1.116
0.0	1.117
0.0007	1.118
-0.0008	1.119
-0.0015	1.12
-0.0015	1.121
-0.0008	1.122
0.0	1.123
-0.0008	1.124
0.0007	1.125
0.0007	1.126
-0.0008	1.127
0.0007	1.128
0.0	1.129
-0.0015	1.13
-0.0015	1.131
-0.0008	1.132
0.0	1.133
0.0015	1.134
-0.0008	1.135
-0.003	1.136
-0.0023	1.137
-0.0008	1.138
0.0015	1.139
0.0007	1.14
0.0	1.141
-0.0015	1.142
-0.0008	1.143
0.0007	1.144
0.0007	1.145
0.0007	1.146
0.0015	1.147
0.0037	1.148
0.003	1.149
0.003	1.15
0.003	1.151
0.0007	1.152
-0.0015	1.153
-0.0053	1.154
-0.0075	1.155
-0.0046	1.156
-0.0038	1.157
-0.0046	1.158
-0.0046	1.159
-0.0023	1.16
-0.0015	1.161
0.0	1.162
0.0045	1.163
0.0022	1.164
0.0015	1.165
0.003	1.166
0.0015	1.167
0.0015	1.168
0.0	1.169
0.0007	1.17
0.0007	1.171
-0.0008	1.172
0.0015	1.173
0.0037	1.174
0.0037	1.175
0.0052	1.176
0.0067	1.177
0.006	1.178
0.006	1.179
0.0052	1.18
0.003	1.181
0.0015	1.182
-0.0008	1.183
-0.0008	1.184
-0.0015	1.185
-0.003	1.186
-0.0015	1.187
-0.0015	1.188
-0.003	1.189
-0.003	1.19
-0.0015	1.191
-0.0015	1.192
-0.0015	1.193
-0.0015	1.194
-0.0008	1.195
0.0007	1.196
-0.0008	1.197
-0.0015	1.198
-0.0023	1.199
-0.0015	1.2
-0.0008	1.201
-0.0008	1.202
0.0007	1.203
0.0022	1.204
0.0015	1.205
0.0007	1.206
-0.0008	1.207
-0.0008	1.208
0.0015	1.209
0.003	1.21
0.003	1.211
0.0015	1.212
0.0037	1.213
0.0015	1.214
-0.0008	1.215
-0.0008	1.216
0.0007	1.217
-0.0008	1.218
-0.0008	1.219
-0.0008	1.22
-0.003	1.221
-0.0023	1.222
-0.003	1.223
-0.003	1.224
-0.0015	1.225
0.0007	1.226
0.003	1.227
0.003	1.228
0.0045	1.229
0.0052	1.23
0.0045	1.231
0.003	1.232
0.0022	1.233
0.0007	1.234
0.0	1.235
0.0007	1.236
0.0007	1.237
-0.0008	1.238
-0.003	1.239
-0.0046	1.24
-0.006	1.241
-0.0053	1.242
-0.0038	1.243
-0.0023	1.244
-0.0046	1.245
-0.0053	1.246
-0.0046	1.247
-0.0023	1.248
-0.0015	1.249
-0.003	1.25
-0.0023	1.251
0.0	1.252
0.0	1.253
0.0007	1.254
0.003	1.255
0.0007	1.256
0.0007	1.257
0.0022	1.258
0.003	1.259
0.003	1.26
0.0015	1.261
0.0007	1.262
-0.0015	1.263
-0.003	1.264
-0.0023	1.265
0.0	1.266
0.0022	1.267
0.0045	1.268
0.0045	1.269
0.003	1.27
0.0	1.271
-0.0008	1.272
-0.0008	1.273
-0.0015	1.274
-0.0008	1.275
-0.003	1.276
-0.0038	1.277
-0.003	1.278
-0.0008	1.279
0.0007	1.28
0.0007	1.281
-0.0015	1.282
-0.0008	1.283
0.0007	1.284
0.0	1.285
0.0007	1.286
0.0	1.287
-0.0008	1.288
-0.0015	1.289
-0.0038	1.29
-0.0053	1.291
-0.0038	1.292
-0.0015	1.293
0.0	1.294
0.0007	1.295
0.0015	1.296
0.003	1.297
0.0015	1.298
-0.003	1.299
-0.003	1.3
0.0	1.301
0.0015	1.302
0.0037	1.303
0.003	1.304
0.0007	1.305
-0.0008	1.306
0.0	1.307
0.0037	1.308
0.0052	1.309
0.0045	1.31
0.003	1.311
0.0022	1.312
0.0022	1.313
0.0007	1.314
-0.0008	1.315
-0.003	1.316
-0.0023	1.317
-0.0008	1.318
0.0	1.319
-0.0015	1.32
-0.0015	1.321
-0.0015	1.322
-0.0023	1.323
0.0007	1.324
0.0007	1.325
-0.0008	1.326
-0.0008	1.327
0.0	1.328
0.0	1.329
0.0	1.33
-0.0008	1.331
-0.0023	1.332
-0.0023	1.333
-0.003	1.334
-0.003	1.335
-0.0015	1.336
-0.0015	1.337
0.0007	1.338
0.0015	1.339
0.0007	1.34
0.0015	1.341
0.0022	1.342
0.0045	1.343
0.003	1.344
0.0015	1.345
0.003	1.346
0.0007	1.347
-0.0015	1.348
-0.0008	1.349
0.0007	1.35
0.0	1.351
-0.0015	1.352
-0.0023	1.353
-0.0015	1.354
-0.0023	1.355
-0.003	1.356
-0.0038	1.357
-0.0038	1.358
-0.0038	1.359
-0.0023	1.36
-0.0015	1.361
-0.0023	1.362
-0.0015	1.363
0.0007	1.364
0.003	1.365
0.0045	1.366
0.006	1.367
0.003	1.368
0.003	1.369
0.0045	1.37
0.0045	1.371
0.003	1.372
0.0	1.373
-0.0008	1.374
-0.0023	1.375
-0.0023	1.376
-0.0015	1.377
-0.0008	1.378
0.0007	1.379
0.0007	1.38
0.0015	1.381
0.0	1.382
-0.0015	1.383
-0.0015	1.384
-0.0008	1.385
-0.0008	1.386
-0.0008	1.387
0.0015	1.388
0.0015	1.389
0.0015	1.39
-0.0008	1.391
0.0007	1.392
0.0045	1.393
0.003	1.394
0.0007	1.395
0.0	1.396
0.0015	1.397
0.0007	1.398
0.003	1.399
0.0045	1.4
0.0015	1.401
-0.0008	1.402
-0.0023	1.403
-0.003	1.404
-0.003	1.405
-0.003	1.406
-0.003	1.407
-0.0038	1.408
-0.003	1.409
-0.003	1.41
-0.0038	1.411
-0.0023	1.412
-0.0023	1.413
-0.0015	1.414
-0.0015	1.415
-0.003	1.416
-0.003	1.417
-0.0023	1.418
-0.0008	1.419
0.0	1.42
0.0022	1.421
0.0007	1.422
0.0015	1.423
0.0037	1.424
0.0022	1.425
0.0022	1.426
0.003	1.427
0.0037	1.428
0.0045	1.429
0.0045	1.43
0.003	1.431
0.0022	1.432
0.0015	1.433
0.0007	1.434
0.0022	1.435
0.0037	1.436
0.003	1.437
0.0	1.438
-0.0008	1.439
-0.0008	1.44
-0.0015	1.441
-0.0008	1.442
0.0007	1.443
0.0007	1.444
0.0	1.445
-0.0008	1.446
0.0	1.447
0.003	1.448
0.0015	1.449
0.0015	1.45
0.0015	1.451
0.0007	1.452
0.0007	1.453
0.0007	1.454
-0.0015	1.455
-0.0038	1.456
-0.003	1.457
-0.0053	1.458
-0.0053	1.459
-0.0046	1.46
-0.0038	1.461
-0.0023	1.462
0.0015	1.463
0.003	1.464
0.0022	1.465
0.0015	1.466
0.0007	1.467
-0.0008	1.468
-0.0023	1.469
-0.0015	1.47
-0.0008	1.471
-0.0015	1.472
-0.003	1.473
-0.003	1.474
-0.0046	1.475
-0.0053	1.476
-0.0046	1.477
-0.0046	1.478
-0.0038	1.479
-0.0053	1.48
-0.0053	1.481
-0.003	1.482
-0.0008	1.483
0.0015	1.484
0.0022	1.485
0.0022	1.486
0.0007	1.487
0.0015	1.488
0.003	1.489
0.0052	1.49
0.0052	1.491
0.0067	1.492
0.006	1.493
0.003	1.494
0.003	1.495
0.0015	1.496
0.0015	1.497
0.0007	1.498
0.0015	1.499
0.0015	1.5
-0.0015	1.501
0.0	1.502
-0.0023	1.503
-0.0038	1.504
-0.0038	1.505
-0.0015	1.506
-0.003	1.507
-0.0023	1.508
0.0	1.509
-0.0015	1.51
0.0007	1.511
0.0037	1.512
0.0037	1.513
0.003	1.514
0.0037	1.515
0.003	1.516
0.0015	1.517
0.0022	1.518
0.0015	1.519
0.0015	1.52
0.0007	1.521
0.0007	1.522
-0.0008	1.523
0.0	1.524
0.0015	1.525
0.0	1.526
-0.0008	1.527
-0.0015	1.528
-0.0008	1.529
0.0015	1.53
0.0	1.531
0.0	1.532
0.0007	1.533
-0.0008	1.534
-0.0015	1.535
0.0	1.536
0.0015	1.537
-0.0008	1.538
-0.0015	1.539
-0.0023	1.54
-0.003	1.541
-0.0053	1.542
-0.006	1.543
-0.0046	1.544
-0.0023	1.545
-0.0008	1.546
0.0007	1.547
0.0022	1.548
0.0007	1.549
0.0	1.55
0.0007	1.551
0.0007	1.552
-0.0023	1.553
-0.0046	1.554
0.0	1.555
0.0015	1.556
0.0015	1.557
0.003	1.558
0.003	1.559
0.0007	1.56
0.0007	1.561
-0.0008	1.562
-0.0008	1.563
0.0015	1.564
-0.0008	1.565
-0.0023	1.566
-0.0015	1.567
0.0	1.568
-0.0008	1.569
-0.0015	1.57
-0.0023	1.571
-0.0015	1.572
-0.0008	1.573
-0.0008	1.574
0.0007	1.575
0.0007	1.576
0.0022	1.577
0.0015	1.578
0.003	1.579
0.0037	1.58
0.0015	1.581
0.0	1.582
-0.0008	1.583
0.0015	1.584
0.0015	1.585
0.0015	1.586
0.0015	1.587
0.0007	1.588
0.0015	1.589
0.0045	1.59
0.0015	1.591
0.0022	1.592
0.003	1.593
0.0007	1.594
-0.0015	1.595
-0.0015	1.596
-0.0008	1.597
-0.0015	1.598
-0.0015	1.599
-0.0015	1.6
-0.0015	1.601
-0.0015	1.602
-0.003	1.603
-0.0038	1.604
-0.003	1.605
-0.0038	1.606
-0.0015	1.607
-0.003	1.608
-0.0038	1.609
-0.0015	1.61
-0.0008	1.611
-0.0015	1.612
0.0007	1.613
0.0	1.614
-0.0008	1.615
0.0007	1.616
-0.0008	1.617
0.0007	1.618
0.0015	1.619
0.0045	1.62
0.006	1.621
0.0045	1.622
0.003	1.623
0.0022	1.624
0.0022	1.625
0.0007	1.626
0.0	1.627
-0.003	1.628
-0.0046	1.629
-0.006	1.63
-0.0068	1.631
-0.0053	1.632
-0.0046	1.633
-0.0046	1.634
-0.0038	1.635
-0.0023	1.636
-0.0023	1.637
-0.0015	1.638
0.003	1.639
0.0022	1.64
0.0022	1.641
0.0045	1.642
0.0052	1.643
0.0037	1.644
0.0037	1.645
0.0045	1.646
0.0022	1.647
0.0015	1.648
-0.0015	1.649
-0.0015	1.65
-0.0008	1.651
0.0015	1.652
0.0	1.653
-0.0023	1.654
-0.0015	1.655
-0.0046	1.656
-0.0015	1.657
0.0	1.658
0.0007	1.659
0.0007	1.66
0.0007	1.661
0.0022	1.662
-0.0008	1.663
0.0007	1.664
0.0015	1.665
0.0007	1.666
0.0007	1.667
0.0007	1.668
-0.0008	1.669
-0.0046	1.67
-0.0038	1.671
-0.0023	1.672
-0.0023	1.673
0.0022	1.674
0.0037	1.675
0.0015	1.676
0.0015	1.677
0.0037	1.678
0.0052	1.679
0.0067	1.68
0.0052	1.681
0.0052	1.682
0.003	1.683
-0.0015	1.684
-0.003	1.685
-0.0038	1.686
-0.0046	1.687
-0.006	1.688
-0.006	1.689
-0.0023	1.69
-0.0015	1.691
-0.0023	1.692
-0.0015	1.693
-0.003	1.694
-0.0038	1.695
-0.0015	1.696
0.0007	1.697
0.0015	1.698
0.0022	1.699
0.003	1.7
0.0067	1.701
0.009	1.702
0.0105	1.703
0.009	1.704
0.0045	1.705
0.0015	1.706
-0.0008	1.707
-0.0038	1.708
-0.0046	1.709
-0.003	1.71
0.0	1.711
0.0007	1.712
0.0007	1.713
0.0007	1.714
0.0007	1.715
0.0015	1.716
0.0007	1.717
-0.0008	1.718
-0.0015	1.719
-0.0008	1.72
-0.003	1.721
-0.0053	1.722
-0.0053	1.723
-0.0053	1.724
-0.0075	1.725
-0.0105	1.726
-0.012	1.727
-0.012	1.728
-0.0105	1.729
-0.0068	1.73
-0.0008	1.731
0.0022	1.732
0.003	1.733
0.0052	1.734
0.0082	1.735
0.0082	1.736
0.0112	1.737
0.0105	1.738
0.0067	1.739
0.0052	1.74
0.0037	1.741
0.0	1.742
-0.0023	1.743
-0.003	1.744
-0.0008	1.745
-0.0015	1.746
-0.0015	1.747
-0.0015	1.748
-0.003	1.749
-0.0015	1.75
-0.0008	1.751
-0.003	1.752
-0.0053	1.753
-0.0046	1.754
-0.0053	1.755
-0.006	1.756
-0.0046	1.757
-0.0015	1.758
0.0	1.759
0.0015	1.76
0.0052	1.761
0.009	1.762
0.0082	1.763
0.0052	1.764
0.0052	1.765
0.0037	1.766
0.003	1.767
0.0015	1.768
-0.0015	1.769
-0.003	1.77
-0.0046	1.771
-0.0053	1.772
-0.0038	1.773
-0.003	1.774
-0.003	1.775
-0.0023	1.776
-0.0008	1.777
0.0007	1.778
-0.0008	1.779
0.0007	1.78
0.0007	1.781
0.0015	1.782
0.003	1.783
0.0	1.784
0.0007	1.785
0.003	1.786
0.0037	1.787
0.0022	1.788
0.0007	1.789
0.0022	1.79
0.0015	1.791
-0.0023	1.792
-0.0053	1.793
-0.006	1.794
-0.0083	1.795
-0.0091	1.796
-0.0083	1.797
-0.0068	1.798
-0.0046	1.799
-0.003	1.8
-0.0008	1.801
0.003	1.802
0.006	1.803
0.0067	1.804
0.0045	1.805
0.0052	1.806
0.009	1.807
0.0067	1.808
0.0045	1.809
0.0045	1.81
0.0037	1.811
0.0045	1.812
0.0037	1.813
0.003	1.814
0.0015	1.815
0.0015	1.816
0.0	1.817
0.0007	1.818
0.0015	1.819
-0.0008	1.82
-0.003	1.821
-0.0046	1.822
-0.0015	1.823
-0.0008	1.824
-0.0008	1.825
-0.0015	1.826
-0.0015	1.827
-0.003	1.828
-0.003	1.829
0.0	1.83
0.0007	1.831
0.0015	1.832
0.0015	1.833
0.0022	1.834
0.0052	1.835
0.0075	1.836
0.0052	1.837
0.0022	1.838
0.0015	1.839
0.0007	1.84
-0.0023	1.841
-0.003	1.842
-0.003	1.843
0.0	1.844
0.0	1.845
-0.0008	1.846
0.0015	1.847
0.0022	1.848
0.0	1.849
-0.0046	1.85
-0.006	1.851
-0.0046	1.852
-0.0046	1.853
-0.0046	1.854
-0.003	1.855
-0.0038	1.856
-0.0046	1.857
-0.0046	1.858
-0.0038	1.859
-0.0046	1.86
-0.003	1.861
0.0015	1.862
0.003	1.863
0.0	1.864
0.0	1.865
0.0007	1.866
0.0015	1.867
0.003	1.868
0.0015	1.869
0.0015	1.87
0.0022	1.871
0.003	1.872
0.003	1.873
0.0037	1.874
0.003	1.875
0.0022	1.876
0.0007	1.877
0.0022	1.878
0.003	1.879
0.003	1.88
0.0015	1.881
-0.0008	1.882
-0.0008	1.883
-0.0023	1.884
-0.0046	1.885
-0.003	1.886
-0.0046	1.887
-0.0053	1.888
-0.003	1.889
-0.0015	1.89
-0.0015	1.891
0.0	1.892
-0.0008	1.893
-0.0015	1.894
-0.003	1.895
-0.003	1.896
-0.0015	1.897
-0.0038	1.898
-0.0046	1.899
-0.0038	1.9
-0.0015	1.901
0.0015	1.902
0.0015	1.903
0.0022	1.904
0.0015	1.905
0.0015	1.906
0.0015	1.907
0.003	1.908
0.0045	1.909
0.0045	1.91
0.0015	1.911
0.0015	1.912
0.0045	1.913
0.0045	1.914
0.0052	1.915
0.0045	1.916
0.003	1.917
0.0022	1.918
0.0015	1.919
0.0022	1.92
0.003	1.921
0.003	1.922
-0.0008	1.923
-0.0023	1.924
-0.0046	1.925
-0.0053	1.926
-0.003	1.927
-0.0038	1.928
-0.0053	1.929
-0.003	1.93
-0.003	1.931
-0.0053	1.932
-0.006	1.933
-0.0053	1.934
-0.0053	1.935
-0.0023	1.936
0.0007	1.937
0.0015	1.938
0.003	1.939
0.0037	1.94
0.003	1.941
0.003	1.942
0.003	1.943
0.0022	1.944
0.003	1.945
0.003	1.946
0.0015	1.947
0.003	1.948
0.003	1.949
0.0022	1.95
0.003	1.951
0.0007	1.952
0.0007	1.953
0.0015	1.954
0.0015	1.955
0.0	1.956
-0.0008	1.957
-0.0008	1.958
-0.0015	1.959
-0.0015	1.96
-0.0008	1.961
-0.0015	1.962
-0.0008	1.963
-0.0015	1.964
0.0	1.965
0.0	1.966
-0.0008	1.967
-0.0008	1.968
-0.003	1.969
-0.003	1.97
-0.0008	1.971
-0.0023	1.972
-0.003	1.973
-0.003	1.974
-0.0046	1.975
-0.0008	1.976
0.003	1.977
0.0015	1.978
0.0015	1.979
0.0022	1.98
0.0015	1.981
0.0022	1.982
0.003	1.983
0.0015	1.984
-0.0008	1.985
-0.0015	1.986
0.0	1.987
0.0007	1.988
0.0015	1.989
0.0	1.99
-0.0008	1.991
0.0007	1.992
-0.0008	1.993
-0.0015	1.994
-0.0023	1.995
0.0	1.996
0.0	1.997
-0.0008	1.998
-0.0008	1.999
0.0	2.0
0.0	2.001
0.0007	2.002
0.003	2.003
0.0015	2.004
0.0022	2.005
0.003	2.006
0.0015	2.007
0.0015	2.008
0.0007	2.009
-0.0008	2.01
-0.0008	2.011
-0.0015	2.012
-0.0023	2.013
-0.0038	2.014
-0.003	2.015
-0.0046	2.016
-0.003	2.017
-0.0015	2.018
-0.003	2.019
-0.0023	2.02
-0.0015	2.021
-0.0023	2.022
-0.003	2.023
-0.0015	2.024
-0.0023	2.025
-0.0023	2.026
0.0007	2.027
0.0	2.028
-0.0008	2.029
0.0015	2.03
0.003	2.031
0.003	2.032
0.0007	2.033
0.0007	2.034
-0.0008	2.035
0.0	2.036
0.0015	2.037
-0.0015	2.038
-0.0015	2.039
-0.0053	2.04
-0.0068	2.041
-0.006	2.042
-0.0068	2.043
-0.0015	2.044
0.0	2.045
-0.0008	2.046
-0.0008	2.047
-0.0008	2.048
-0.0015	2.049
-0.0008	2.05
0.0015	2.051
0.0007	2.052
0.0022	2.053
0.003	2.054
0.0015	2.055
0.0015	2.056
0.003	2.057
0.0045	2.058
0.0045	2.059
0.0045	2.06
0.006	2.061
0.0052	2.062
0.0015	2.063
0.0007	2.064
0.0007	2.065
0.0007	2.066
0.0007	2.067
0.0007	2.068
0.0	2.069
-0.0015	2.07
-0.0008	2.071
-0.0008	2.072
-0.0015	2.073
0.0007	2.074
0.0007	2.075
0.0	2.076
-0.0015	2.077
-0.0023	2.078
0.0007	2.079
0.0015	2.08
0.0	2.081
-0.0015	2.082
0.0015	2.083
0.0037	2.084
0.0045	2.085
0.0052	2.086
0.0052	2.087
0.0045	2.088
0.0015	2.089
-0.0023	2.09
-0.0046	2.091
-0.003	2.092
-0.0015	2.093
-0.0008	2.094
-0.0008	2.095
-0.003	2.096
-0.0053	2.097
-0.0083	2.098
-0.0068	2.099
-0.0046	2.1
-0.0015	2.101
-0.0015	2.102
0.0015	2.103
0.003	2.104
0.003	2.105
0.003	2.106
0.003	2.107
0.0045	2.108
0.0015	2.109
0.0007	2.11
0.0007	2.111
0.0015	2.112
0.0015	2.113
0.0007	2.114
0.0007	2.115
0.0007	2.116
0.0007	2.117
0.0	2.118
0.0007	2.119
0.0007	2.12
0.0007	2.121
-0.0008	2.122
-0.003	2.123
-0.003	2.124
-0.003	2.125
-0.0023	2.126
0.0	2.127
0.0015	2.128
0.0007	2.129
0.0015	2.13
0.003	2.131
0.0022	2.132
0.0022	2.133
0.0015	2.134
-0.0008	2.135
-0.0023	2.136
-0.0008	2.137
-0.0008	2.138
0.0015	2.139
0.003	2.14
0.0007	2.141
0.0015	2.142
-0.0008	2.143
-0.0008	2.144
0.0007	2.145
-0.0015	2.146
-0.0015	2.147
-0.0015	2.148
-0.003	2.149
-0.0015	2.15
-0.003	2.151
-0.003	2.152
-0.0008	2.153
-0.003	2.154
-0.0046	2.155
-0.003	2.156
-0.003	2.157
-0.0015	2.158
-0.0015	2.159
0.0007	2.16
0.0007	2.161
0.0007	2.162
0.0015	2.163
0.0015	2.164
0.0007	2.165
-0.003	2.166
-0.0015	2.167
0.0007	2.168
-0.0008	2.169
-0.0015	2.17
-0.0008	2.171
-0.0008	2.172
0.0015	2.173
0.003	2.174
0.0022	2.175
0.0022	2.176
0.0007	2.177
0.0015	2.178
0.0007	2.179
0.0022	2.18
0.0022	2.181
0.0022	2.182
0.006	2.183
0.0067	2.184
0.0052	2.185
0.003	2.186
0.0037	2.187
0.0037	2.188
0.0022	2.189
0.0015	2.19
0.0	2.191
0.0007	2.192
-0.0008	2.193
-0.003	2.194
-0.003	2.195
-0.003	2.196
-0.0008	2.197
0.0015	2.198
0.0015	2.199
0.0	2.2
0.0015	2.201
0.0	2.202
0.0015	2.203
0.0037	2.204
0.003	2.205
0.0007	2.206
-0.003	2.207
-0.003	2.208
-0.0023	2.209
-0.0053	2.21
-0.0075	2.211
-0.012	2.212
-0.0158	2.213
-0.0091	2.214
-0.0023	2.215
0.0007	2.216
0.0045	2.217
0.0052	2.218
0.0052	2.219
0.0067	2.22
0.0052	2.221
0.0037	2.222
0.003	2.223
0.0015	2.224
0.0007	2.225
0.0022	2.226
0.0045	2.227
0.0045	2.228
0.0022	2.229
0.0007	2.23
0.0007	2.231
-0.0008	2.232
-0.0008	2.233
0.0007	2.234
-0.0023	2.235
-0.0023	2.236
-0.003	2.237
-0.0046	2.238
-0.003	2.239
-0.0015	2.24
-0.0008	2.241
-0.0008	2.242
0.0007	2.243
0.0015	2.244
0.003	2.245
0.003	2.246
0.0015	2.247
0.0015	2.248
-0.0008	2.249
-0.003	2.25
-0.003	2.251
-0.0015	2.252
-0.0023	2.253
-0.0053	2.254
-0.0075	2.255
-0.0075	2.256
-0.0053	2.257
-0.0038	2.258
0.0007	2.259
0.0015	2.26
0.003	2.261
0.0045	2.262
0.0007	2.263
-0.0008	2.264
-0.003	2.265
-0.0008	2.266
0.0015	2.267
0.0	2.268
0.003	2.269
0.0015	2.27
0.0015	2.271
0.0015	2.272
0.0015	2.273
0.0015	2.274
0.0007	2.275
-0.0015	2.276
-0.003	2.277
-0.0046	2.278
-0.0046	2.279
-0.0046	2.28
-0.0083	2.281
-0.0083	2.282
-0.0046	2.283
-0.0015	2.284
0.0	2.285
-0.0008	2.286
0.0007	2.287
0.0052	2.288
0.0075	2.289
0.0082	2.29
0.0082	2.291
0.012	2.292
0.012	2.293
0.0082	2.294
0.0052	2.295
0.006	2.296
0.0045	2.297
0.0007	2.298
0.0	2.299
-0.0015	2.3
-0.003	2.301
-0.003	2.302
-0.0046	2.303
-0.006	2.304
-0.0053	2.305
-0.0046	2.306
-0.0075	2.307
-0.0083	2.308
-0.0068	2.309
-0.0046	2.31
0.0	2.311
0.0015	2.312
-0.0015	2.313
0.0007	2.314
0.003	2.315
0.0015	2.316
-0.0015	2.317
-0.003	2.318
-0.0015	2.319
0.0007	2.32
0.0015	2.321
0.003	2.322
0.0015	2.323
0.0	2.324
-0.003	2.325
-0.003	2.326
-0.0023	2.327
-0.0046	2.328
-0.0046	2.329
-0.003	2.33
-0.0038	2.331
-0.003	2.332
0.0015	2.333
0.003	2.334
0.0052	2.335
0.0067	2.336
0.0045	2.337
0.006	2.338
0.0127	2.339
0.0097	2.34
0.0082	2.341
0.012	2.342
0.0067	2.343
-0.0015	2.344
-0.0083	2.345
-0.0091	2.346
-0.0068	2.347
-0.0075	2.348
-0.0053	2.349
0.0037	2.35
0.0067	2.351
0.006	2.352
0.0022	2.353
0.0007	2.354
-0.0015	2.355
-0.0023	2.356
-0.0015	2.357
-0.0008	2.358
0.003	2.359
0.003	2.36
0.0015	2.361
-0.003	2.362
-0.0068	2.363
-0.0053	2.364
-0.0015	2.365
-0.0015	2.366
-0.0038	2.367
-0.003	2.368
-0.0038	2.369
-0.003	2.37
-0.003	2.371
-0.0023	2.372
-0.003	2.373
-0.0015	2.374
0.003	2.375
0.003	2.376
0.003	2.377
0.0037	2.378
0.0007	2.379
0.0	2.38
0.0007	2.381
0.0007	2.382
0.003	2.383
0.0052	2.384
0.0045	2.385
0.0015	2.386
0.0	2.387
-0.0015	2.388
-0.0046	2.389
-0.003	2.39
-0.0023	2.391
-0.0023	2.392
-0.0023	2.393
-0.0091	2.394
-0.0195	2.395
-0.0195	2.396
-0.0128	2.397
-0.0068	2.398
0.003	2.399
0.009	2.4
0.0127	2.401
0.0127	2.402
0.0105	2.403
0.0105	2.404
0.0142	2.405
0.018	2.406
0.018	2.407
0.015	2.408
0.009	2.409
0.003	2.41
-0.0008	2.411
-0.0046	2.412
-0.0046	2.413
-0.0091	2.414
-0.012	2.415
-0.0083	2.416
-0.006	2.417
-0.0053	2.418
-0.0091	2.419
-0.0158	2.42
-0.0128	2.421
-0.0083	2.422
-0.0068	2.423
-0.003	2.424
-0.0008	2.425
-0.0008	2.426
0.003	2.427
0.0075	2.428
0.0142	2.429
0.0142	2.43
0.0052	2.431
0.0022	2.432
0.009	2.433
0.0127	2.434
0.009	2.435
0.0067	2.436
0.0052	2.437
0.0052	2.438
0.0045	2.439
0.0022	2.44
-0.003	2.441
-0.0091	2.442
-0.0105	2.443
-0.0091	2.444
-0.0091	2.445
-0.0181	2.446
-0.0338	2.447
-0.0293	2.448
-0.0143	2.449
-0.0053	2.45
0.0045	2.451
0.0105	2.452
0.0187	2.453
0.0232	2.454
0.0187	2.455
0.0157	2.456
0.0127	2.457
0.012	2.458
0.0142	2.459
0.0082	2.46
-0.0015	2.461
-0.0068	2.462
-0.0091	2.463
-0.0091	2.464
-0.0083	2.465
-0.0083	2.466
-0.0053	2.467
-0.0068	2.468
-0.0091	2.469
-0.0135	2.47
-0.0181	2.471
-0.0203	2.472
-0.015	2.473
-0.0053	2.474
-0.003	2.475
0.0022	2.476
0.0067	2.477
0.0075	2.478
0.0105	2.479
0.012	2.48
0.0127	2.481
0.0202	2.482
0.0232	2.483
0.0157	2.484
0.0052	2.485
-0.003	2.486
-0.0075	2.487
-0.006	2.488
-0.0091	2.489
-0.0165	2.49
-0.0256	2.491
-0.0233	2.492
-0.0105	2.493
-0.0015	2.494
0.0112	2.495
0.021	2.496
0.0232	2.497
0.0255	2.498
0.027	2.499
0.0255	2.5
0.0142	2.501
0.0135	2.502
0.006	2.503
-0.0128	2.504
-0.0203	2.505
-0.0218	2.506
-0.012	2.507
0.0007	2.508
-0.0015	2.509
-0.0091	2.51
-0.0008	2.511
0.0067	2.512
0.0052	2.513
0.003	2.514
-0.0038	2.515
-0.0083	2.516
-0.0068	2.517
-0.003	2.518
-0.0053	2.519
-0.0091	2.52
-0.0053	2.521
-0.0015	2.522
0.0015	2.523
0.0015	2.524
-0.003	2.525
-0.0091	2.526
-0.0098	2.527
-0.0075	2.528
0.0022	2.529
0.0127	2.53
0.0075	2.531
0.0007	2.532
-0.0046	2.533
-0.0075	2.534
-0.003	2.535
-0.0053	2.536
0.0037	2.537
0.0127	2.538
-0.003	2.539
-0.0165	2.54
-0.0135	2.541
-0.006	2.542
-0.0023	2.543
0.0007	2.544
0.0052	2.545
0.003	2.546
0.003	2.547
0.0045	2.548
0.012	2.549
0.018	2.55
0.0165	2.551
0.0165	2.552
0.009	2.553
0.003	2.554
0.0022	2.555
0.003	2.556
0.003	2.557
0.0022	2.558
0.0	2.559
-0.0083	2.56
-0.012	2.561
-0.0181	2.562
-0.024	2.563
-0.0046	2.564
0.0315	2.565
0.033	2.566
-0.0053	2.567
-0.0278	2.568
-0.0511	2.569
-0.0533	2.57
-0.0278	2.571
-0.012	2.572
0.0052	2.573
0.0097	2.574
0.0255	2.575
0.0412	2.576
0.0397	2.577
0.033	2.578
0.0165	2.579
0.0105	2.58
0.0052	2.581
-0.012	2.582
-0.0195	2.583
-0.0165	2.584
-0.0143	2.585
-0.0075	2.586
0.0007	2.587
-0.0083	2.588
-0.0188	2.589
-0.0188	2.59
-0.0098	2.591
0.0105	2.592
0.0367	2.593
0.0405	2.594
0.0382	2.595
0.033	2.596
0.0172	2.597
0.015	2.598
0.018	2.599
0.018	2.6
0.0007	2.601
-0.0053	2.602
0.0007	2.603
-0.012	2.604
-0.0181	2.605
-0.0248	2.606
-0.0443	2.607
-0.0593	2.608
-0.0585	2.609
-0.0533	2.61
-0.042	2.611
-0.0165	2.612
0.0015	2.613
0.0135	2.614
0.0202	2.615
0.0255	2.616
0.0352	2.617
0.0405	2.618
0.054	2.619
0.0502	2.62
0.0172	2.621
-0.003	2.622
-0.0091	2.623
-0.0158	2.624
-0.0128	2.625
-0.0091	2.626
-0.0053	2.627
-0.0083	2.628
-0.0473	2.629
-0.081	2.63
-0.0578	2.631
0.0007	2.632
0.0682	2.633
0.069	2.634
0.0232	2.635
-0.006	2.636
0.0007	2.637
0.042	2.638
0.0405	2.639
0.0135	2.64
-0.0046	2.641
0.003	2.642
0.0097	2.643
-0.0008	2.644
-0.0008	2.645
-0.0046	2.646
-0.0053	2.647
-0.0083	2.648
-0.012	2.649
-0.0091	2.65
-0.0091	2.651
-0.0083	2.652
-0.0091	2.653
-0.0068	2.654
-0.0068	2.655
-0.0091	2.656
-0.0091	2.657
-0.0135	2.658
-0.021	2.659
-0.0263	2.66
-0.0203	2.661
-0.0098	2.662
0.0	2.663
0.003	2.664
0.003	2.665
0.009	2.666
0.0067	2.667
0.0105	2.668
0.0202	2.669
0.0157	2.67
0.0097	2.671
0.0127	2.672
0.015	2.673
0.012	2.674
0.0165	2.675
0.0142	2.676
-0.0075	2.677
-0.0338	2.678
-0.063	2.679
-0.078	2.68
-0.0518	2.681
-0.0083	2.682
0.0315	2.683
0.054	2.684
0.0502	2.685
0.0442	2.686
0.0142	2.687
-0.0083	2.688
0.012	2.689
0.009	2.69
-0.0083	2.691
0.0007	2.692
0.0157	2.693
0.0127	2.694
0.0127	2.695
0.0247	2.696
0.0465	2.697
0.054	2.698
0.033	2.699
0.0075	2.7
-0.0128	2.701
-0.0218	2.702
-0.0263	2.703
-0.0293	2.704
-0.0323	2.705
-0.0218	2.706
0.0285	2.707
0.0525	2.708
0.0127	2.709
-0.0368	2.71
-0.075	2.711
-0.1028	2.712
-0.09	2.713
-0.0525	2.714
-0.0165	2.715
0.0277	2.716
0.0352	2.717
0.0262	2.718
0.0352	2.719
0.0427	2.72
0.0465	2.721
0.0345	2.722
0.0127	2.723
0.0142	2.724
0.0225	2.725
0.0112	2.726
-0.003	2.727
-0.0068	2.728
-0.0083	2.729
-0.0173	2.73
-0.0218	2.731
-0.03	2.732
-0.0368	2.733
-0.0436	2.734
-0.0691	2.735
-0.054	2.736
-0.012	2.737
0.003	2.738
0.024	2.739
0.0465	2.74
0.0592	2.741
0.0502	2.742
0.036	2.743
0.03	2.744
0.0345	2.745
0.0262	2.746
0.0052	2.747
0.0142	2.748
0.0037	2.749
-0.0105	2.75
-0.0068	2.751
-0.0143	2.752
-0.0158	2.753
-0.0203	2.754
-0.0233	2.755
-0.0181	2.756
-0.003	2.757
-0.0015	2.758
-0.039	2.759
-0.0563	2.76
-0.0443	2.761
-0.0158	2.762
-0.0015	2.763
-0.0015	2.764
0.0232	2.765
0.042	2.766
0.0525	2.767
0.069	2.768
0.0607	2.769
0.033	2.77
0.0112	2.771
-0.0128	2.772
-0.0203	2.773
-0.0181	2.774
-0.0203	2.775
-0.0143	2.776
-0.015	2.777
-0.0113	2.778
-0.0135	2.779
-0.0248	2.78
-0.0405	2.781
-0.0443	2.782
-0.0361	2.783
-0.027	2.784
0.0052	2.785
0.0067	2.786
-0.0068	2.787
0.0142	2.788
0.0345	2.789
0.0465	2.79
0.0517	2.791
0.0495	2.792
0.0645	2.793
0.0817	2.794
0.0607	2.795
0.0247	2.796
-0.0053	2.797
-0.0315	2.798
-0.0443	2.799
-0.0518	2.8
-0.045	2.801
-0.021	2.802
-0.0173	2.803
-0.0308	2.804
-0.0405	2.805
-0.0691	2.806
-0.1125	2.807
-0.114	2.808
-0.0405	2.809
0.015	2.81
0.0315	2.811
0.057	2.812
0.0532	2.813
0.039	2.814
0.042	2.815
0.0795	2.816
0.111	2.817
0.0727	2.818
0.027	2.819
0.0037	2.82
-0.0098	2.821
-0.0158	2.822
-0.0165	2.823
-0.0143	2.824
-0.0143	2.825
-0.012	2.826
-0.0105	2.827
-0.0158	2.828
-0.027	2.829
-0.027	2.83
-0.012	2.831
-0.0113	2.832
-0.0181	2.833
-0.027	2.834
-0.0428	2.835
-0.0436	2.836
-0.0113	2.837
0.033	2.838
0.054	2.839
0.039	2.84
0.027	2.841
0.0255	2.842
0.0157	2.843
0.0075	2.844
0.0097	2.845
0.0135	2.846
0.006	2.847
-0.0113	2.848
-0.024	2.849
-0.0256	2.85
-0.0195	2.851
-0.0181	2.852
-0.0233	2.853
-0.0346	2.854
-0.0353	2.855
-0.024	2.856
-0.003	2.857
0.0127	2.858
0.015	2.859
0.0022	2.86
-0.0218	2.861
-0.0143	2.862
0.0165	2.863
0.0442	2.864
0.0637	2.865
0.0622	2.866
0.0405	2.867
0.0112	2.868
0.003	2.869
0.012	2.87
0.0195	2.871
0.0082	2.872
-0.0165	2.873
-0.033	2.874
-0.0533	2.875
-0.0615	2.876
-0.0563	2.877
-0.0563	2.878
-0.0323	2.879
-0.0046	2.88
0.0202	2.881
0.0532	2.882
0.0742	2.883
0.0892	2.884
0.0742	2.885
0.0427	2.886
0.0352	2.887
0.0097	2.888
-0.0308	2.889
-0.0308	2.89
-0.0128	2.891
-0.0165	2.892
-0.0203	2.893
-0.0218	2.894
-0.024	2.895
-0.0158	2.896
-0.0158	2.897
-0.0218	2.898
-0.0195	2.899
-0.0165	2.9
-0.0135	2.901
-0.0128	2.902
-0.0053	2.903
0.0075	2.904
0.012	2.905
0.0045	2.906
0.0127	2.907
0.0067	2.908
-0.0165	2.909
-0.0218	2.91
-0.0495	2.911
-0.0743	2.912
-0.0638	2.913
-0.0143	2.914
0.0345	2.915
0.054	2.916
0.0607	2.917
0.0517	2.918
0.0585	2.919
0.0457	2.92
0.024	2.921
0.0127	2.922
-0.0165	2.923
-0.0713	2.924
-0.1043	2.925
-0.0706	2.926
-0.0308	2.927
-0.0023	2.928
0.0075	2.929
0.0255	2.93
0.0592	2.931
0.0525	2.932
0.0397	2.933
0.0442	2.934
0.0525	2.935
0.0615	2.936
0.0547	2.937
0.0457	2.938
0.048	2.939
0.0345	2.94
-0.003	2.941
-0.0233	2.942
-0.0285	2.943
-0.0383	2.944
-0.0458	2.945
-0.0503	2.946
-0.0458	2.947
-0.0398	2.948
-0.0525	2.949
-0.0765	2.95
-0.0773	2.951
-0.0533	2.952
-0.027	2.953
0.009	2.954
0.0277	2.955
0.024	2.956
0.0405	2.957
0.063	2.958
0.0787	2.959
0.054	2.96
0.0277	2.961
0.0247	2.962
0.0097	2.963
0.0082	2.964
-0.0105	2.965
-0.0181	2.966
-0.0165	2.967
-0.0233	2.968
-0.0188	2.969
-0.0293	2.97
-0.042	2.971
-0.0503	2.972
-0.0458	2.973
-0.0465	2.974
-0.039	2.975
-0.0233	2.976
-0.0203	2.977
0.0052	2.978
0.0345	2.979
0.0577	2.98
0.0675	2.981
0.0592	2.982
0.057	2.983
0.0465	2.984
