Vastus medialis (mV)	Time (ms)
0.003	0.001
0.0015	0.002
-0.0015	0.003
0.0022	0.004
0.0	0.005
0.0007	0.006
-0.0015	0.007
-0.0008	0.008
0.0045	0.009
0.0045	0.01
0.0045	0.011
0.0022	0.012
0.0007	0.013
-0.0046	0.014
-0.0098	0.015
-0.0075	0.016
-0.0015	0.017
0.0	0.018
-0.0068	0.019
-0.0075	0.02
-0.0023	0.021
-0.0008	0.022
0.0015	0.023
0.0067	0.024
0.0157	0.025
0.0195	0.026
0.0142	0.027
0.0082	0.028
0.0067	0.029
0.0052	0.03
-0.003	0.031
-0.0068	0.032
-0.0023	0.033
-0.0008	0.034
0.0015	0.035
-0.0008	0.036
-0.012	0.037
-0.024	0.038
-0.0361	0.039
-0.0173	0.04
0.0067	0.041
0.0157	0.042
0.0232	0.043
0.0232	0.044
0.0315	0.045
0.0375	0.046
0.024	0.047
-0.0008	0.048
-0.0135	0.049
-0.0143	0.05
-0.012	0.051
-0.003	0.052
0.0045	0.053
0.0	0.054
-0.0188	0.055
-0.0353	0.056
-0.0323	0.057
-0.0158	0.058
0.0007	0.059
0.0112	0.06
0.0157	0.061
0.0217	0.062
0.0277	0.063
0.0292	0.064
0.0225	0.065
0.0045	0.066
-0.0015	0.067
-0.006	0.068
-0.0091	0.069
-0.0053	0.07
-0.0023	0.071
0.0045	0.072
0.0	0.073
-0.0008	0.074
-0.006	0.075
-0.0158	0.076
-0.0173	0.077
-0.0203	0.078
-0.0158	0.079
-0.0068	0.08
0.0	0.081
0.0015	0.082
-0.0015	0.083
0.0007	0.084
0.0007	0.085
-0.0008	0.086
0.003	0.087
0.0007	0.088
0.0015	0.089
0.003	0.09
0.0007	0.091
-0.0046	0.092
-0.0128	0.093
-0.0135	0.094
-0.0098	0.095
-0.0046	0.096
0.0052	0.097
0.0112	0.098
0.012	0.099
0.0142	0.1
0.0082	0.101
0.0015	0.102
0.0105	0.103
0.0165	0.104
0.0097	0.105
0.006	0.106
0.012	0.107
0.0067	0.108
0.0022	0.109
0.0052	0.11
0.003	0.111
0.009	0.112
0.0045	0.113
-0.0008	0.114
0.0015	0.115
-0.0008	0.116
-0.0015	0.117
-0.0053	0.118
-0.0068	0.119
-0.0113	0.12
-0.0158	0.121
-0.0128	0.122
-0.0098	0.123
-0.0023	0.124
0.0052	0.125
0.0142	0.126
0.0225	0.127
0.0232	0.128
0.0202	0.129
0.0075	0.13
0.0007	0.131
-0.0015	0.132
-0.0105	0.133
-0.0075	0.134
-0.0083	0.135
-0.0075	0.136
-0.0046	0.137
-0.006	0.138
-0.0091	0.139
-0.0225	0.14
-0.0368	0.141
-0.033	0.142
-0.0256	0.143
-0.0195	0.144
-0.0015	0.145
0.009	0.146
0.0232	0.147
0.039	0.148
0.0465	0.149
0.0487	0.15
0.0352	0.151
0.0202	0.152
0.0127	0.153
0.0105	0.154
0.0075	0.155
0.0007	0.156
-0.0075	0.157
-0.0158	0.158
-0.0173	0.159
-0.015	0.16
-0.0098	0.161
-0.0075	0.162
-0.0105	0.163
-0.0091	0.164
-0.0053	0.165
-0.0038	0.166
-0.0038	0.167
-0.0015	0.168
-0.0038	0.169
-0.0038	0.17
-0.0015	0.171
-0.0038	0.172
-0.006	0.173
-0.0038	0.174
-0.0046	0.175
-0.003	0.176
-0.0008	0.177
-0.0023	0.178
0.0022	0.179
0.0082	0.18
0.0135	0.181
0.0082	0.182
0.0007	0.183
-0.0015	0.184
-0.0015	0.185
0.0015	0.186
-0.0008	0.187
0.0007	0.188
0.0007	0.189
0.0015	0.19
0.0045	0.191
0.0015	0.192
0.0037	0.193
0.0045	0.194
0.0045	0.195
0.0045	0.196
-0.0023	0.197
-0.0046	0.198
-0.003	0.199
0.0	0.2
0.003	0.201
0.0015	0.202
0.0	0.203
-0.0015	0.204
-0.0008	0.205
0.0007	0.206
-0.0038	0.207
-0.006	0.208
-0.0038	0.209
-0.0083	0.21
-0.0068	0.211
-0.003	0.212
0.0	0.213
0.0045	0.214
0.0075	0.215
0.0105	0.216
0.0127	0.217
0.012	0.218
0.0075	0.219
0.0052	0.22
0.003	0.221
0.0037	0.222
0.0045	0.223
-0.0008	0.224
-0.0015	0.225
-0.0128	0.226
-0.0165	0.227
-0.0113	0.228
-0.0075	0.229
0.0007	0.23
0.0037	0.231
0.0135	0.232
0.0217	0.233
0.021	0.234
0.0135	0.235
0.0045	0.236
0.0105	0.237
0.0112	0.238
0.0045	0.239
0.0015	0.24
-0.0053	0.241
-0.012	0.242
-0.015	0.243
-0.0128	0.244
-0.0098	0.245
-0.0053	0.246
0.003	0.247
0.0067	0.248
-0.003	0.249
-0.0218	0.25
-0.0405	0.251
-0.0458	0.252
-0.0263	0.253
-0.0046	0.254
0.0172	0.255
0.0292	0.256
0.0255	0.257
0.0225	0.258
0.0165	0.259
0.0142	0.26
0.009	0.261
0.0015	0.262
-0.0038	0.263
-0.0046	0.264
0.0007	0.265
-0.0008	0.266
0.0015	0.267
0.0052	0.268
0.0105	0.269
0.012	0.27
0.0105	0.271
0.0082	0.272
0.0	0.273
-0.006	0.274
-0.0053	0.275
-0.0008	0.276
0.0037	0.277
-0.0053	0.278
-0.0091	0.279
-0.0098	0.28
-0.012	0.281
-0.0098	0.282
-0.0083	0.283
-0.0068	0.284
-0.0038	0.285
-0.0008	0.286
0.003	0.287
0.0052	0.288
0.0045	0.289
0.0067	0.29
0.0082	0.291
0.003	0.292
0.0	0.293
0.0007	0.294
0.003	0.295
0.003	0.296
0.0037	0.297
0.0045	0.298
0.0045	0.299
0.0045	0.3
0.0037	0.301
0.003	0.302
0.0045	0.303
0.0037	0.304
0.0015	0.305
0.0015	0.306
-0.0008	0.307
-0.0015	0.308
-0.0023	0.309
-0.0015	0.31
-0.0038	0.311
-0.006	0.312
-0.0046	0.313
-0.0053	0.314
-0.003	0.315
-0.0023	0.316
-0.0015	0.317
0.0015	0.318
-0.0015	0.319
0.003	0.32
0.0037	0.321
0.0037	0.322
0.0067	0.323
0.0067	0.324
0.009	0.325
0.0052	0.326
0.0007	0.327
0.0	0.328
-0.0015	0.329
0.0	0.33
-0.0038	0.331
-0.006	0.332
-0.0068	0.333
-0.0098	0.334
-0.012	0.335
-0.0195	0.336
-0.0158	0.337
-0.0068	0.338
0.0015	0.339
0.0142	0.34
0.0195	0.341
0.0232	0.342
0.018	0.343
0.0165	0.344
0.0165	0.345
0.0135	0.346
0.012	0.347
0.0052	0.348
0.0	0.349
-0.0053	0.35
-0.0083	0.351
-0.0083	0.352
-0.0083	0.353
-0.0083	0.354
-0.0105	0.355
-0.0143	0.356
-0.0181	0.357
-0.0195	0.358
-0.033	0.359
-0.039	0.36
-0.024	0.361
-0.0128	0.362
0.0037	0.363
0.0142	0.364
0.0195	0.365
0.027	0.366
0.0255	0.367
0.0255	0.368
0.0322	0.369
0.0345	0.37
0.0232	0.371
0.012	0.372
0.0007	0.373
-0.0053	0.374
-0.0083	0.375
-0.0091	0.376
-0.0046	0.377
-0.0015	0.378
-0.0023	0.379
-0.003	0.38
-0.0015	0.381
0.0007	0.382
-0.0008	0.383
-0.0015	0.384
0.0007	0.385
0.0007	0.386
0.0	0.387
-0.0015	0.388
-0.003	0.389
0.0007	0.39
0.0015	0.391
-0.0008	0.392
-0.0015	0.393
-0.0023	0.394
-0.0023	0.395
-0.0046	0.396
-0.0053	0.397
-0.0046	0.398
-0.0038	0.399
-0.0008	0.4
-0.0023	0.401
-0.003	0.402
-0.003	0.403
-0.0046	0.404
-0.0015	0.405
-0.0015	0.406
-0.0008	0.407
0.0015	0.408
0.0022	0.409
0.0015	0.41
0.0007	0.411
0.0015	0.412
0.0045	0.413
0.0037	0.414
0.003	0.415
0.0007	0.416
-0.0083	0.417
-0.0143	0.418
-0.0165	0.419
-0.012	0.42
-0.006	0.421
0.0045	0.422
0.012	0.423
0.0127	0.424
0.018	0.425
0.0165	0.426
0.0202	0.427
0.0225	0.428
0.0225	0.429
0.0195	0.43
0.0105	0.431
0.0045	0.432
-0.0105	0.433
-0.0188	0.434
-0.0158	0.435
-0.0128	0.436
-0.0046	0.437
-0.0008	0.438
0.0007	0.439
0.0045	0.44
0.0052	0.441
0.0045	0.442
0.0037	0.443
0.0045	0.444
0.0045	0.445
0.003	0.446
-0.0023	0.447
-0.003	0.448
-0.003	0.449
-0.0046	0.45
-0.003	0.451
-0.0046	0.452
-0.0083	0.453
-0.0083	0.454
-0.0053	0.455
-0.0046	0.456
-0.0008	0.457
0.0007	0.458
0.0015	0.459
0.0007	0.46
0.0007	0.461
0.0052	0.462
0.0015	0.463
-0.0038	0.464
-0.006	0.465
-0.006	0.466
-0.0046	0.467
-0.0015	0.468
-0.0015	0.469
0.0007	0.47
0.0045	0.471
0.0022	0.472
0.003	0.473
0.0007	0.474
0.0	0.475
0.0007	0.476
0.0015	0.477
0.0007	0.478
0.003	0.479
0.0052	0.48
0.0052	0.481
0.009	0.482
0.0082	0.483
0.0067	0.484
0.0067	0.485
0.003	0.486
0.003	0.487
0.0015	0.488
0.0	0.489
0.0022	0.49
0.0015	0.491
0.0007	0.492
0.0007	0.493
-0.003	0.494
-0.0015	0.495
-0.0008	0.496
-0.0023	0.497
-0.0008	0.498
-0.0038	0.499
-0.0023	0.5
-0.0046	0.501
-0.0038	0.502
0.0007	0.503
-0.003	0.504
-0.0015	0.505
-0.0015	0.506
-0.0038	0.507
-0.0023	0.508
-0.0015	0.509
0.0	0.51
-0.0008	0.511
-0.003	0.512
-0.003	0.513
-0.0038	0.514
-0.003	0.515
-0.0015	0.516
-0.0015	0.517
0.0007	0.518
0.0	0.519
-0.0008	0.52
0.0007	0.521
-0.0015	0.522
-0.0008	0.523
0.0007	0.524
0.0052	0.525
0.0067	0.526
0.0045	0.527
0.0022	0.528
0.0022	0.529
0.0045	0.53
0.0007	0.531
-0.0046	0.532
-0.0053	0.533
-0.0046	0.534
-0.0046	0.535
-0.0008	0.536
0.0015	0.537
0.0045	0.538
0.0082	0.539
0.0112	0.54
0.0135	0.541
0.0112	0.542
0.0082	0.543
0.0052	0.544
0.0022	0.545
0.0015	0.546
0.0007	0.547
-0.0008	0.548
-0.0038	0.549
-0.0053	0.55
-0.0046	0.551
-0.0038	0.552
-0.0038	0.553
-0.003	0.554
-0.0038	0.555
-0.0053	0.556
-0.0053	0.557
-0.0038	0.558
-0.0008	0.559
0.0	0.56
0.003	0.561
0.0045	0.562
0.0037	0.563
0.0067	0.564
0.0097	0.565
0.0127	0.566
0.0172	0.567
0.0187	0.568
0.015	0.569
0.0075	0.57
0.0015	0.571
0.0015	0.572
0.0007	0.573
-0.0038	0.574
-0.0046	0.575
-0.0046	0.576
-0.0038	0.577
-0.006	0.578
-0.0068	0.579
-0.0075	0.58
-0.0098	0.581
-0.0083	0.582
-0.0083	0.583
-0.0068	0.584
-0.0023	0.585
-0.0023	0.586
0.0007	0.587
0.0015	0.588
0.0015	0.589
0.0045	0.59
0.0037	0.591
0.0045	0.592
0.0052	0.593
0.0045	0.594
0.003	0.595
0.003	0.596
0.0022	0.597
-0.0008	0.598
-0.0008	0.599
-0.0015	0.6
-0.0015	0.601
-0.0023	0.602
-0.0015	0.603
-0.0015	0.604
-0.0046	0.605
-0.003	0.606
-0.0023	0.607
-0.0046	0.608
-0.0038	0.609
-0.0038	0.61
-0.0046	0.611
-0.0023	0.612
0.0	0.613
0.003	0.614
0.0015	0.615
0.0007	0.616
0.0015	0.617
0.0007	0.618
0.0022	0.619
0.0045	0.62
0.006	0.621
0.0045	0.622
0.0052	0.623
0.0045	0.624
0.0022	0.625
0.0015	0.626
0.0007	0.627
0.0015	0.628
-0.0008	0.629
-0.0008	0.63
-0.0015	0.631
-0.0015	0.632
0.0007	0.633
-0.0015	0.634
0.0015	0.635
0.0015	0.636
0.0007	0.637
0.0007	0.638
-0.0023	0.639
-0.0015	0.64
-0.0038	0.641
-0.003	0.642
0.0015	0.643
0.0	0.644
0.0007	0.645
0.0007	0.646
0.0007	0.647
0.0037	0.648
0.0007	0.649
0.0007	0.65
0.0	0.651
-0.0015	0.652
0.0007	0.653
0.0015	0.654
0.0015	0.655
0.0007	0.656
-0.0008	0.657
-0.0038	0.658
-0.0046	0.659
-0.0038	0.66
-0.0023	0.661
-0.0008	0.662
-0.0008	0.663
0.0007	0.664
0.0015	0.665
0.0022	0.666
0.0015	0.667
0.0015	0.668
0.0015	0.669
0.0007	0.67
0.0045	0.671
0.0037	0.672
0.003	0.673
0.0022	0.674
-0.0008	0.675
0.0015	0.676
0.0015	0.677
0.0037	0.678
0.0022	0.679
0.0007	0.68
0.0015	0.681
0.0015	0.682
0.0045	0.683
0.0022	0.684
0.003	0.685
0.0022	0.686
0.0015	0.687
0.0	0.688
0.0015	0.689
0.0045	0.69
0.0007	0.691
0.0007	0.692
-0.0015	0.693
-0.0015	0.694
0.0	0.695
-0.0015	0.696
0.0007	0.697
0.0	0.698
-0.0008	0.699
0.0	0.7
-0.0015	0.701
-0.0015	0.702
0.0	0.703
0.0	0.704
-0.0015	0.705
-0.0008	0.706
0.0015	0.707
0.0007	0.708
0.0022	0.709
0.0007	0.71
0.0007	0.711
0.0045	0.712
0.0045	0.713
0.0052	0.714
0.0037	0.715
0.0015	0.716
0.0015	0.717
-0.0008	0.718
-0.0015	0.719
-0.0023	0.72
-0.0023	0.721
-0.0008	0.722
-0.0015	0.723
-0.003	0.724
-0.0008	0.725
0.0015	0.726
0.0007	0.727
0.0007	0.728
0.0015	0.729
-0.0015	0.73
-0.0015	0.731
-0.003	0.732
-0.0015	0.733
-0.0015	0.734
0.0	0.735
0.0045	0.736
0.0015	0.737
0.003	0.738
0.0037	0.739
0.0022	0.74
0.003	0.741
0.003	0.742
0.003	0.743
0.0007	0.744
0.0015	0.745
0.0007	0.746
-0.0008	0.747
0.0007	0.748
-0.003	0.749
-0.0015	0.75
-0.0015	0.751
-0.0008	0.752
0.0	0.753
-0.0015	0.754
0.0007	0.755
-0.0008	0.756
0.0015	0.757
0.0	0.758
-0.0008	0.759
0.0	0.76
-0.0008	0.761
-0.0008	0.762
-0.003	0.763
-0.0015	0.764
-0.0015	0.765
0.0	0.766
0.0007	0.767
-0.0015	0.768
0.0007	0.769
-0.0023	0.77
-0.003	0.771
-0.0046	0.772
-0.0038	0.773
-0.0008	0.774
0.003	0.775
0.0045	0.776
0.0022	0.777
0.0022	0.778
0.0015	0.779
-0.0008	0.78
0.0	0.781
0.0022	0.782
0.003	0.783
0.0045	0.784
0.0015	0.785
0.0007	0.786
0.0007	0.787
0.0022	0.788
0.0037	0.789
0.0037	0.79
0.0015	0.791
0.0015	0.792
0.0015	0.793
-0.0008	0.794
0.0007	0.795
0.0007	0.796
0.003	0.797
0.0052	0.798
0.003	0.799
0.003	0.8
0.0	0.801
0.0	0.802
0.0007	0.803
-0.0008	0.804
0.0007	0.805
0.0022	0.806
0.003	0.807
0.0022	0.808
0.0007	0.809
0.0007	0.81
0.0007	0.811
0.0015	0.812
0.0015	0.813
0.0007	0.814
-0.0008	0.815
0.0	0.816
0.0007	0.817
-0.0015	0.818
-0.0008	0.819
-0.0008	0.82
-0.0008	0.821
0.0	0.822
0.0	0.823
-0.0008	0.824
-0.0015	0.825
-0.0008	0.826
0.0007	0.827
0.003	0.828
0.003	0.829
0.0007	0.83
0.0015	0.831
-0.0008	0.832
-0.0008	0.833
-0.0015	0.834
-0.003	0.835
-0.0046	0.836
-0.003	0.837
0.0	0.838
-0.0008	0.839
0.0007	0.84
-0.0023	0.841
-0.0023	0.842
0.0	0.843
-0.0015	0.844
-0.003	0.845
-0.003	0.846
-0.003	0.847
-0.0015	0.848
-0.0008	0.849
-0.0023	0.85
-0.0015	0.851
0.0015	0.852
0.003	0.853
0.003	0.854
0.003	0.855
0.0022	0.856
0.003	0.857
0.0015	0.858
-0.0008	0.859
-0.0008	0.86
-0.0015	0.861
0.0	0.862
0.0007	0.863
-0.0015	0.864
-0.0008	0.865
-0.0023	0.866
-0.0015	0.867
0.0	0.868
0.0015	0.869
0.0037	0.87
0.003	0.871
0.0037	0.872
0.0015	0.873
-0.0008	0.874
-0.0015	0.875
-0.0015	0.876
0.0007	0.877
0.0	0.878
0.0	0.879
-0.0008	0.88
0.0007	0.881
0.0007	0.882
0.0	0.883
0.0015	0.884
0.0045	0.885
0.0045	0.886
0.003	0.887
0.0045	0.888
0.0015	0.889
0.0007	0.89
0.0	0.891
-0.0008	0.892
-0.0008	0.893
0.0007	0.894
0.0037	0.895
0.0022	0.896
0.003	0.897
0.0052	0.898
0.0037	0.899
0.003	0.9
0.0	0.901
-0.0008	0.902
0.0	0.903
-0.0008	0.904
0.0015	0.905
0.0037	0.906
0.0045	0.907
0.0007	0.908
0.0007	0.909
0.0007	0.91
0.0007	0.911
0.0015	0.912
0.0007	0.913
0.003	0.914
0.0	0.915
-0.0008	0.916
0.0015	0.917
0.0007	0.918
0.003	0.919
-0.0008	0.92
-0.0015	0.921
-0.0023	0.922
-0.0015	0.923
0.0007	0.924
-0.0015	0.925
0.0007	0.926
-0.0015	0.927
-0.003	0.928
-0.003	0.929
-0.0008	0.93
0.0015	0.931
0.0007	0.932
0.0022	0.933
-0.0008	0.934
-0.0023	0.935
0.0	0.936
-0.0015	0.937
0.0	0.938
-0.003	0.939
-0.0015	0.94
0.0007	0.941
-0.0015	0.942
-0.0008	0.943
-0.0008	0.944
0.0	0.945
0.0	0.946
-0.0008	0.947
0.0007	0.948
0.0015	0.949
0.0022	0.95
0.0022	0.951
0.0015	0.952
0.0007	0.953
0.0007	0.954
0.0	0.955
-0.0015	0.956
-0.003	0.957
-0.003	0.958
0.0007	0.959
0.0	0.96
0.0015	0.961
0.0015	0.962
0.0007	0.963
0.0007	0.964
-0.0008	0.965
0.0	0.966
-0.003	0.967
-0.0008	0.968
-0.0008	0.969
-0.0015	0.97
0.0	0.971
0.0007	0.972
0.0015	0.973
0.0	0.974
0.0015	0.975
0.003	0.976
0.0015	0.977
0.003	0.978
0.0015	0.979
0.003	0.98
0.0007	0.981
-0.0008	0.982
-0.0008	0.983
-0.0008	0.984
-0.0008	0.985
-0.0008	0.986
-0.0015	0.987
-0.0008	0.988
0.003	0.989
0.0022	0.99
0.0007	0.991
0.003	0.992
0.0015	0.993
-0.0008	0.994
0.0007	0.995
-0.0008	0.996
-0.0008	0.997
-0.0015	0.998
-0.0053	0.999
-0.003	1.0
0.0007	1.001
0.0045	1.002
0.0045	1.003
0.0015	1.004
0.0022	1.005
0.0015	1.006
0.0007	1.007
-0.0008	1.008
0.0007	1.009
0.0007	1.01
0.003	1.011
0.0045	1.012
0.0022	1.013
0.003	1.014
0.0015	1.015
0.003	1.016
-0.0015	1.017
-0.0038	1.018
-0.0015	1.019
-0.0015	1.02
0.0015	1.021
0.0022	1.022
0.003	1.023
0.003	1.024
0.003	1.025
0.0052	1.026
0.003	1.027
0.0045	1.028
0.0015	1.029
0.0007	1.03
0.0015	1.031
0.0022	1.032
0.0045	1.033
0.0022	1.034
0.0015	1.035
0.0007	1.036
-0.0008	1.037
-0.0015	1.038
-0.0023	1.039
-0.003	1.04
-0.003	1.041
-0.0053	1.042
-0.003	1.043
0.0007	1.044
-0.0008	1.045
-0.0008	1.046
0.0007	1.047
0.0007	1.048
0.0007	1.049
0.0007	1.05
-0.0008	1.051
0.0	1.052
0.0007	1.053
-0.0008	1.054
0.0007	1.055
0.0022	1.056
0.0015	1.057
0.0007	1.058
-0.0008	1.059
-0.0023	1.06
-0.0008	1.061
-0.0015	1.062
-0.0015	1.063
-0.0015	1.064
-0.0023	1.065
-0.0015	1.066
-0.0015	1.067
0.0	1.068
-0.0008	1.069
-0.0008	1.07
0.0007	1.071
0.0007	1.072
0.0037	1.073
0.0015	1.074
0.003	1.075
0.0045	1.076
0.003	1.077
0.003	1.078
0.003	1.079
0.0007	1.08
0.0022	1.081
0.0007	1.082
0.0007	1.083
0.0037	1.084
0.0	1.085
0.0007	1.086
0.0015	1.087
0.0	1.088
-0.0023	1.089
-0.0015	1.09
0.0007	1.091
0.0	1.092
0.0015	1.093
0.0007	1.094
-0.0015	1.095
0.0	1.096
-0.0015	1.097
-0.0008	1.098
0.0	1.099
-0.0015	1.1
0.0007	1.101
0.0	1.102
-0.0008	1.103
-0.0008	1.104
-0.0008	1.105
-0.0008	1.106
0.0007	1.107
0.0	1.108
-0.0023	1.109
-0.003	1.11
-0.0008	1.111
0.0007	1.112
0.0007	1.113
0.003	1.114
0.0037	1.115
0.0045	1.116
0.0045	1.117
0.0015	1.118
-0.0008	1.119
-0.0008	1.12
0.0015	1.121
0.0	1.122
-0.003	1.123
-0.0023	1.124
-0.0008	1.125
0.0007	1.126
0.0015	1.127
0.003	1.128
0.0022	1.129
0.003	1.13
0.003	1.131
0.0	1.132
-0.0023	1.133
-0.0008	1.134
0.0007	1.135
0.0015	1.136
0.0022	1.137
0.003	1.138
0.0015	1.139
0.0	1.14
0.0007	1.141
0.0007	1.142
0.0007	1.143
0.0015	1.144
0.0015	1.145
0.0007	1.146
0.0	1.147
0.0007	1.148
-0.0023	1.149
-0.0015	1.15
-0.0015	1.151
-0.003	1.152
-0.0008	1.153
-0.0023	1.154
-0.0015	1.155
-0.0008	1.156
0.0007	1.157
0.0	1.158
0.0007	1.159
0.0022	1.16
0.003	1.161
0.0022	1.162
0.0007	1.163
0.0007	1.164
0.0022	1.165
0.0045	1.166
0.003	1.167
0.0007	1.168
-0.0008	1.169
-0.0023	1.17
-0.0023	1.171
0.0	1.172
0.003	1.173
0.0037	1.174
0.003	1.175
0.0045	1.176
0.0037	1.177
0.0037	1.178
0.0015	1.179
0.0007	1.18
-0.0008	1.181
-0.0023	1.182
-0.003	1.183
-0.003	1.184
0.0007	1.185
0.0015	1.186
0.0007	1.187
0.0015	1.188
0.0007	1.189
0.0007	1.19
-0.0008	1.191
-0.0008	1.192
0.0015	1.193
0.0007	1.194
0.0	1.195
0.0	1.196
-0.0008	1.197
-0.0015	1.198
-0.003	1.199
-0.0008	1.2
0.0007	1.201
0.0015	1.202
0.0007	1.203
-0.0015	1.204
0.0007	1.205
0.0007	1.206
-0.0008	1.207
0.0	1.208
0.0015	1.209
0.0022	1.21
-0.0008	1.211
0.0	1.212
0.0015	1.213
0.0007	1.214
-0.0008	1.215
-0.0008	1.216
-0.0008	1.217
0.0007	1.218
-0.0008	1.219
0.0007	1.22
-0.0015	1.221
-0.0046	1.222
-0.0046	1.223
-0.0015	1.224
0.0007	1.225
0.003	1.226
0.0015	1.227
-0.0008	1.228
0.0022	1.229
0.0015	1.23
0.0015	1.231
0.0007	1.232
0.0	1.233
-0.0008	1.234
0.0	1.235
0.0015	1.236
-0.0015	1.237
-0.0008	1.238
0.0007	1.239
0.0022	1.24
0.0015	1.241
-0.0008	1.242
0.0	1.243
0.0007	1.244
0.0	1.245
0.0	1.246
0.0015	1.247
0.0015	1.248
0.0022	1.249
0.0007	1.25
0.0007	1.251
0.0015	1.252
0.003	1.253
0.003	1.254
0.003	1.255
0.0037	1.256
0.0007	1.257
0.0015	1.258
0.0015	1.259
0.003	1.26
0.0037	1.261
0.003	1.262
0.0015	1.263
0.003	1.264
-0.0008	1.265
-0.003	1.266
-0.0015	1.267
-0.003	1.268
-0.0008	1.269
0.0	1.27
-0.0015	1.271
-0.0008	1.272
0.0007	1.273
0.0007	1.274
-0.0023	1.275
-0.0015	1.276
-0.0015	1.277
-0.003	1.278
-0.0008	1.279
0.0007	1.28
0.0007	1.281
0.0	1.282
0.0007	1.283
0.0015	1.284
0.0007	1.285
0.0	1.286
0.0	1.287
0.0015	1.288
0.0007	1.289
0.0015	1.29
0.0015	1.291
0.0	1.292
0.0007	1.293
0.0007	1.294
-0.0008	1.295
0.0	1.296
-0.0008	1.297
-0.0015	1.298
0.0	1.299
0.0007	1.3
0.0015	1.301
0.003	1.302
0.0015	1.303
0.0015	1.304
0.0	1.305
-0.0008	1.306
0.0015	1.307
0.0015	1.308
0.0037	1.309
0.0015	1.31
0.0007	1.311
-0.0015	1.312
-0.0038	1.313
-0.003	1.314
-0.0015	1.315
-0.0015	1.316
-0.0008	1.317
0.0015	1.318
0.0007	1.319
-0.0008	1.32
-0.0008	1.321
-0.0008	1.322
0.0	1.323
-0.0008	1.324
0.0015	1.325
0.0022	1.326
0.003	1.327
0.003	1.328
0.0007	1.329
-0.0008	1.33
0.0007	1.331
0.0015	1.332
0.0007	1.333
0.0015	1.334
0.0015	1.335
0.0022	1.336
0.0022	1.337
0.0007	1.338
0.0015	1.339
0.003	1.34
0.0022	1.341
0.003	1.342
-0.0008	1.343
-0.0015	1.344
0.0015	1.345
0.0007	1.346
-0.0008	1.347
-0.003	1.348
-0.003	1.349
-0.0023	1.35
-0.0008	1.351
0.0007	1.352
0.0007	1.353
-0.0023	1.354
-0.0015	1.355
-0.0008	1.356
-0.0015	1.357
0.0015	1.358
0.0	1.359
0.0007	1.36
0.0015	1.361
0.0015	1.362
0.003	1.363
0.003	1.364
0.0022	1.365
0.0	1.366
-0.0008	1.367
0.0007	1.368
0.003	1.369
0.0015	1.37
0.0015	1.371
0.0022	1.372
0.0007	1.373
0.0022	1.374
0.003	1.375
0.0007	1.376
0.0015	1.377
0.003	1.378
0.0	1.379
-0.0008	1.38
-0.0008	1.381
-0.0046	1.382
-0.0046	1.383
-0.0023	1.384
-0.003	1.385
-0.003	1.386
-0.003	1.387
-0.0023	1.388
0.0	1.389
-0.0015	1.39
-0.0008	1.391
-0.0015	1.392
-0.0046	1.393
-0.003	1.394
0.0022	1.395
0.0045	1.396
0.0022	1.397
0.0037	1.398
0.003	1.399
0.0015	1.4
0.0022	1.401
0.003	1.402
0.003	1.403
0.0007	1.404
-0.0015	1.405
-0.0008	1.406
-0.0008	1.407
-0.003	1.408
-0.0008	1.409
0.0007	1.41
0.0007	1.411
-0.0008	1.412
-0.0008	1.413
0.0	1.414
0.0	1.415
-0.0008	1.416
-0.0008	1.417
-0.0015	1.418
-0.0008	1.419
0.0015	1.42
0.003	1.421
0.0022	1.422
0.0045	1.423
0.0045	1.424
0.003	1.425
0.0022	1.426
0.0015	1.427
0.0	1.428
-0.0015	1.429
-0.0008	1.43
0.0015	1.431
0.0037	1.432
0.003	1.433
0.003	1.434
0.0022	1.435
0.0015	1.436
0.0015	1.437
0.0	1.438
-0.0008	1.439
0.0015	1.44
0.0015	1.441
-0.0008	1.442
0.0	1.443
0.0007	1.444
-0.0008	1.445
-0.0015	1.446
-0.0015	1.447
0.0015	1.448
0.0015	1.449
0.0	1.45
-0.0008	1.451
0.0007	1.452
0.0022	1.453
0.0015	1.454
0.003	1.455
0.003	1.456
0.0015	1.457
0.0007	1.458
-0.0015	1.459
-0.0015	1.46
-0.0015	1.461
-0.0023	1.462
-0.0015	1.463
-0.0015	1.464
-0.0015	1.465
0.0007	1.466
0.003	1.467
0.0015	1.468
0.0007	1.469
0.0	1.47
0.0015	1.471
0.0015	1.472
-0.0008	1.473
0.0	1.474
0.0007	1.475
0.0045	1.476
0.0045	1.477
0.0007	1.478
0.0015	1.479
0.0	1.48
-0.0008	1.481
-0.003	1.482
-0.0015	1.483
0.0015	1.484
0.0015	1.485
0.0022	1.486
0.0015	1.487
0.0	1.488
0.003	1.489
0.0007	1.49
-0.0008	1.491
-0.0008	1.492
-0.0008	1.493
0.0007	1.494
-0.0015	1.495
-0.0015	1.496
-0.0015	1.497
-0.0015	1.498
-0.0008	1.499
-0.0015	1.5
0.0015	1.501
0.0015	1.502
0.0	1.503
0.0022	1.504
0.0	1.505
0.0015	1.506
0.0015	1.507
0.0007	1.508
0.0	1.509
0.0015	1.51
0.0015	1.511
0.003	1.512
0.0037	1.513
0.0	1.514
0.0022	1.515
-0.0008	1.516
-0.0015	1.517
0.0022	1.518
0.0015	1.519
0.0015	1.52
0.0007	1.521
0.0015	1.522
-0.0008	1.523
-0.003	1.524
-0.003	1.525
0.0	1.526
0.0015	1.527
-0.0015	1.528
-0.0015	1.529
-0.0023	1.53
-0.003	1.531
-0.0023	1.532
-0.003	1.533
-0.0015	1.534
0.0007	1.535
0.0007	1.536
0.0015	1.537
0.0022	1.538
0.0022	1.539
0.0015	1.54
0.0045	1.541
0.009	1.542
0.006	1.543
0.003	1.544
0.0022	1.545
0.003	1.546
0.0045	1.547
0.0015	1.548
0.0015	1.549
0.0007	1.55
0.0	1.551
-0.0015	1.552
-0.0008	1.553
-0.0015	1.554
-0.003	1.555
-0.0008	1.556
-0.0008	1.557
0.0007	1.558
0.0	1.559
0.0	1.56
0.0015	1.561
-0.0008	1.562
0.0015	1.563
0.0007	1.564
0.0007	1.565
0.0007	1.566
0.0007	1.567
0.0007	1.568
-0.0015	1.569
-0.0008	1.57
-0.003	1.571
-0.0053	1.572
-0.003	1.573
-0.0046	1.574
-0.006	1.575
-0.0053	1.576
-0.0083	1.577
-0.012	1.578
-0.0113	1.579
-0.012	1.58
-0.0105	1.581
-0.0068	1.582
-0.0008	1.583
0.0075	1.584
0.0127	1.585
0.0165	1.586
0.0202	1.587
0.021	1.588
0.018	1.589
0.0127	1.59
0.0097	1.591
0.0082	1.592
0.0045	1.593
0.0067	1.594
0.003	1.595
0.0007	1.596
-0.0015	1.597
-0.006	1.598
-0.0091	1.599
-0.0098	1.6
-0.0091	1.601
-0.0113	1.602
-0.0135	1.603
-0.012	1.604
-0.0105	1.605
-0.0053	1.606
-0.0046	1.607
-0.0046	1.608
-0.0053	1.609
-0.0068	1.61
-0.0068	1.611
-0.0098	1.612
-0.0098	1.613
-0.0015	1.614
0.0067	1.615
0.0112	1.616
0.009	1.617
0.0112	1.618
0.0135	1.619
0.018	1.62
0.0232	1.621
0.0232	1.622
0.0217	1.623
0.018	1.624
0.0202	1.625
0.0277	1.626
0.0292	1.627
0.0232	1.628
0.0112	1.629
-0.0023	1.63
-0.0173	1.631
-0.0263	1.632
-0.0315	1.633
-0.0293	1.634
-0.0263	1.635
-0.0278	1.636
-0.027	1.637
-0.0203	1.638
-0.0068	1.639
0.006	1.64
0.018	1.641
0.027	1.642
0.0315	1.643
0.0307	1.644
0.024	1.645
0.0195	1.646
0.012	1.647
0.0082	1.648
0.0	1.649
-0.0091	1.65
-0.012	1.651
-0.015	1.652
-0.0158	1.653
-0.0165	1.654
-0.0158	1.655
-0.0128	1.656
-0.0143	1.657
-0.0128	1.658
-0.0105	1.659
-0.0105	1.66
-0.0091	1.661
-0.0091	1.662
-0.0068	1.663
-0.003	1.664
0.0	1.665
0.0045	1.666
0.003	1.667
0.0052	1.668
0.0067	1.669
0.0105	1.67
0.018	1.671
0.0225	1.672
0.0165	1.673
0.0045	1.674
-0.0015	1.675
-0.0015	1.676
-0.0008	1.677
-0.0068	1.678
-0.0083	1.679
-0.0105	1.68
-0.0181	1.681
-0.0181	1.682
-0.0181	1.683
-0.0165	1.684
-0.012	1.685
-0.0053	1.686
0.0015	1.687
0.012	1.688
0.0195	1.689
0.021	1.69
0.0202	1.691
0.0165	1.692
0.0165	1.693
0.0157	1.694
0.012	1.695
0.0067	1.696
0.0007	1.697
-0.0046	1.698
-0.0053	1.699
-0.0038	1.7
-0.0008	1.701
0.0	1.702
0.0015	1.703
0.003	1.704
-0.0015	1.705
-0.0015	1.706
-0.0008	1.707
0.0015	1.708
0.0067	1.709
0.0067	1.71
0.0052	1.711
0.003	1.712
0.0037	1.713
0.0037	1.714
0.0	1.715
-0.0046	1.716
-0.0135	1.717
-0.0158	1.718
-0.0143	1.719
-0.0135	1.72
-0.0105	1.721
-0.0091	1.722
-0.0113	1.723
-0.0113	1.724
-0.0098	1.725
-0.0068	1.726
-0.0046	1.727
-0.0023	1.728
0.003	1.729
0.006	1.73
0.003	1.731
-0.0015	1.732
-0.0023	1.733
0.0082	1.734
0.018	1.735
0.021	1.736
0.018	1.737
0.0105	1.738
0.0142	1.739
0.0232	1.74
0.027	1.741
0.0232	1.742
0.015	1.743
0.0112	1.744
0.0075	1.745
-0.0015	1.746
-0.0158	1.747
-0.0233	1.748
-0.0233	1.749
-0.0203	1.75
-0.0135	1.751
-0.0105	1.752
-0.0083	1.753
-0.0023	1.754
0.0075	1.755
0.0097	1.756
0.003	1.757
-0.0105	1.758
-0.0181	1.759
-0.015	1.76
-0.0091	1.761
0.0045	1.762
0.0135	1.763
0.0142	1.764
0.0217	1.765
0.0277	1.766
0.0345	1.767
0.0345	1.768
0.0217	1.769
0.0157	1.77
0.012	1.771
0.0052	1.772
-0.0023	1.773
-0.0083	1.774
-0.0143	1.775
-0.0195	1.776
-0.0248	1.777
-0.03	1.778
-0.0285	1.779
-0.0248	1.78
-0.0165	1.781
-0.0083	1.782
-0.0075	1.783
-0.003	1.784
-0.003	1.785
-0.0046	1.786
-0.0015	1.787
-0.0015	1.788
-0.0015	1.789
0.0	1.79
0.0052	1.791
0.006	1.792
0.0045	1.793
0.0067	1.794
0.0075	1.795
0.0105	1.796
0.009	1.797
0.0097	1.798
0.0127	1.799
0.0142	1.8
0.0165	1.801
0.012	1.802
0.0082	1.803
0.0045	1.804
0.0045	1.805
0.0045	1.806
-0.0023	1.807
-0.0075	1.808
-0.0143	1.809
-0.0181	1.81
-0.0233	1.811
-0.0278	1.812
-0.0233	1.813
-0.0181	1.814
-0.0128	1.815
-0.0091	1.816
-0.003	1.817
0.012	1.818
0.027	1.819
0.027	1.82
0.0157	1.821
0.0097	1.822
0.0052	1.823
0.009	1.824
0.009	1.825
-0.0046	1.826
-0.0068	1.827
-0.0068	1.828
-0.0105	1.829
-0.0068	1.83
0.0007	1.831
0.0067	1.832
0.0127	1.833
0.015	1.834
0.0187	1.835
0.0195	1.836
0.0127	1.837
0.0045	1.838
-0.0068	1.839
-0.0181	1.84
-0.0225	1.841
-0.0158	1.842
-0.0083	1.843
-0.0046	1.844
-0.0015	1.845
0.0022	1.846
-0.0008	1.847
-0.003	1.848
0.0037	1.849
0.012	1.85
0.0217	1.851
0.018	1.852
0.0082	1.853
-0.0008	1.854
-0.0068	1.855
-0.0008	1.856
0.0082	1.857
0.0232	1.858
0.0202	1.859
0.0045	1.86
-0.0023	1.861
-0.0015	1.862
0.0007	1.863
-0.0046	1.864
-0.0075	1.865
-0.0068	1.866
-0.0128	1.867
-0.0098	1.868
-0.0068	1.869
-0.0053	1.87
-0.0091	1.871
-0.0015	1.872
0.009	1.873
0.0105	1.874
0.0097	1.875
0.0022	1.876
-0.0046	1.877
-0.0098	1.878
-0.0143	1.879
-0.015	1.88
-0.0225	1.881
-0.0278	1.882
-0.027	1.883
-0.0278	1.884
-0.027	1.885
-0.0233	1.886
-0.0053	1.887
0.0142	1.888
0.0255	1.889
0.0367	1.89
0.0397	1.891
0.0337	1.892
0.0307	1.893
0.0262	1.894
0.024	1.895
0.0195	1.896
0.0037	1.897
-0.003	1.898
-0.006	1.899
-0.0098	1.9
-0.0225	1.901
-0.0361	1.902
-0.0315	1.903
-0.0195	1.904
-0.0046	1.905
0.006	1.906
0.0112	1.907
0.0105	1.908
0.0105	1.909
0.015	1.91
0.0157	1.911
0.027	1.912
0.0307	1.913
0.024	1.914
0.018	1.915
0.009	1.916
0.009	1.917
-0.0008	1.918
-0.0091	1.919
-0.0143	1.92
-0.0278	1.921
-0.0346	1.922
-0.0308	1.923
-0.0233	1.924
-0.0158	1.925
-0.0046	1.926
0.0045	1.927
0.0067	1.928
0.0	1.929
-0.0053	1.93
-0.0046	1.931
-0.0015	1.932
0.0067	1.933
0.0142	1.934
0.0127	1.935
0.0105	1.936
0.0097	1.937
0.0067	1.938
0.0007	1.939
0.003	1.94
0.0	1.941
-0.006	1.942
-0.0083	1.943
-0.0158	1.944
-0.0195	1.945
-0.0173	1.946
-0.0158	1.947
-0.0128	1.948
-0.0091	1.949
0.0067	1.95
0.0232	1.951
0.0202	1.952
0.015	1.953
0.0135	1.954
0.0135	1.955
0.0157	1.956
0.0165	1.957
0.0172	1.958
0.0075	1.959
-0.0008	1.96
-0.0091	1.961
-0.0135	1.962
-0.0105	1.963
-0.012	1.964
-0.0068	1.965
-0.0068	1.966
-0.012	1.967
-0.0195	1.968
-0.0195	1.969
-0.0173	1.97
-0.0128	1.971
-0.0046	1.972
-0.006	1.973
-0.0083	1.974
0.0015	1.975
0.0112	1.976
0.0202	1.977
0.0315	1.978
0.0405	1.979
0.0502	1.98
0.0525	1.981
0.0405	1.982
0.0277	1.983
0.0187	1.984
0.0105	1.985
0.0007	1.986
-0.006	1.987
-0.0128	1.988
-0.0158	1.989
-0.0181	1.99
-0.024	1.991
-0.027	1.992
-0.027	1.993
-0.0256	1.994
-0.0233	1.995
-0.0203	1.996
-0.0135	1.997
-0.0091	1.998
-0.012	1.999
-0.015	2.0
-0.0083	2.001
0.0075	2.002
0.0217	2.003
0.0255	2.004
0.0187	2.005
0.0112	2.006
0.0	2.007
-0.0068	2.008
-0.0023	2.009
-0.0053	2.01
-0.0046	2.011
-0.0015	2.012
0.0037	2.013
0.009	2.014
0.009	2.015
0.015	2.016
0.015	2.017
0.0127	2.018
0.006	2.019
-0.0015	2.02
-0.003	2.021
-0.0053	2.022
-0.0053	2.023
-0.0046	2.024
-0.0083	2.025
-0.0113	2.026
-0.0181	2.027
-0.0308	2.028
-0.0353	2.029
-0.045	2.03
-0.0346	2.031
-0.0091	2.032
0.0075	2.033
0.0262	2.034
0.0352	2.035
0.0465	2.036
0.048	2.037
0.0405	2.038
0.0352	2.039
0.021	2.04
0.0052	2.041
-0.0091	2.042
-0.024	2.043
-0.0285	2.044
-0.0165	2.045
-0.0091	2.046
-0.003	2.047
0.009	2.048
0.012	2.049
0.0127	2.05
0.009	2.051
-0.0015	2.052
-0.0195	2.053
-0.0346	2.054
-0.0436	2.055
-0.0518	2.056
-0.0293	2.057
-0.0008	2.058
0.0135	2.059
0.0382	2.06
0.0532	2.061
0.0652	2.062
0.0592	2.063
0.0202	2.064
0.003	2.065
0.0	2.066
-0.015	2.067
-0.0248	2.068
-0.0443	2.069
-0.0511	2.07
-0.0353	2.071
-0.0278	2.072
-0.006	2.073
0.0157	2.074
0.0277	2.075
0.0345	2.076
0.0382	2.077
0.0502	2.078
0.0472	2.079
0.0292	2.08
0.0067	2.081
-0.0098	2.082
-0.0218	2.083
-0.0225	2.084
-0.0165	2.085
-0.0143	2.086
-0.0218	2.087
-0.0278	2.088
-0.0165	2.089
-0.006	2.09
0.0045	2.091
-0.0053	2.092
-0.0143	2.093
-0.0143	2.094
-0.006	2.095
0.0082	2.096
0.0007	2.097
0.0075	2.098
0.0082	2.099
-0.0053	2.1
0.0015	2.101
0.0015	2.102
0.009	2.103
0.0172	2.104
0.033	2.105
0.0345	2.106
0.0082	2.107
-0.0053	2.108
-0.0173	2.109
-0.021	2.11
-0.0308	2.111
-0.0428	2.112
-0.0458	2.113
-0.0405	2.114
-0.0233	2.115
-0.0068	2.116
0.0292	2.117
0.045	2.118
0.027	2.119
0.0195	2.12
0.0165	2.121
0.0225	2.122
0.0187	2.123
0.0052	2.124
-0.0046	2.125
-0.0083	2.126
0.0052	2.127
0.006	2.128
0.0052	2.129
0.0067	2.13
0.0067	2.131
0.0217	2.132
0.0232	2.133
0.024	2.134
0.0135	2.135
0.0015	2.136
-0.0015	2.137
-0.0068	2.138
-0.0038	2.139
0.0007	2.14
0.0135	2.141
0.012	2.142
0.0022	2.143
-0.0053	2.144
-0.0218	2.145
-0.03	2.146
-0.0375	2.147
-0.039	2.148
-0.0285	2.149
-0.021	2.15
-0.0256	2.151
-0.0203	2.152
-0.0046	2.153
0.0015	2.154
0.0142	2.155
0.027	2.156
0.039	2.157
0.0592	2.158
0.0682	2.159
0.0667	2.16
0.042	2.161
-0.0165	2.162
-0.0495	2.163
-0.0533	2.164
-0.048	2.165
-0.0233	2.166
-0.0083	2.167
-0.003	2.168
0.0045	2.169
0.0142	2.17
0.0165	2.171
-0.0008	2.172
-0.0218	2.173
-0.0233	2.174
-0.0203	2.175
-0.0015	2.176
0.0202	2.177
0.0135	2.178
0.0052	2.179
0.0097	2.18
0.0	2.181
-0.0233	2.182
-0.0248	2.183
-0.0053	2.184
0.0127	2.185
0.0202	2.186
0.0292	2.187
0.0262	2.188
0.0277	2.189
0.0352	2.19
0.0165	2.191
-0.015	2.192
-0.0383	2.193
-0.0495	2.194
-0.0458	2.195
-0.0256	2.196
-0.0015	2.197
0.0052	2.198
0.0007	2.199
0.0	2.2
-0.0053	2.201
0.0007	2.202
0.0157	2.203
0.0255	2.204
0.0352	2.205
0.033	2.206
0.0187	2.207
0.0075	2.208
-0.0015	2.209
-0.0173	2.21
-0.0323	2.211
-0.0428	2.212
-0.0488	2.213
-0.033	2.214
0.0067	2.215
0.0495	2.216
0.0622	2.217
0.0352	2.218
0.0052	2.219
-0.0233	2.22
-0.0346	2.221
-0.0098	2.222
-0.0008	2.223
0.0157	2.224
0.03	2.225
0.0405	2.226
0.0472	2.227
0.021	2.228
-0.0015	2.229
-0.0308	2.23
-0.0675	2.231
-0.0728	2.232
-0.0555	2.233
-0.0338	2.234
-0.0083	2.235
0.0007	2.236
0.0142	2.237
0.0405	2.238
0.057	2.239
0.069	2.24
0.0457	2.241
0.0307	2.242
0.0352	2.243
0.0397	2.244
0.0322	2.245
0.0015	2.246
0.0007	2.247
0.0045	2.248
0.0	2.249
-0.0233	2.25
-0.0638	2.251
-0.0908	2.252
