Vastus medialis (mV)	Time (ms)
0.0322	0.001
0.024	0.002
0.0127	0.003
0.0022	0.004
-0.0015	0.005
-0.0038	0.006
-0.0083	0.007
-0.006	0.008
-0.0105	0.009
-0.0135	0.01
-0.0113	0.011
-0.0008	0.012
0.0097	0.013
0.009	0.014
0.0037	0.015
-0.0008	0.016
0.0	0.017
0.0015	0.018
0.0052	0.019
0.006	0.02
0.0045	0.021
-0.0015	0.022
-0.0008	0.023
0.0097	0.024
0.009	0.025
-0.0038	0.026
-0.003	0.027
-0.0008	0.028
-0.003	0.029
0.0007	0.03
0.0007	0.031
-0.0008	0.032
0.0052	0.033
0.024	0.034
0.0322	0.035
0.0367	0.036
0.0127	0.037
-0.0495	0.038
-0.0623	0.039
-0.0518	0.04
-0.0308	0.041
-0.003	0.042
0.0097	0.043
0.0232	0.044
0.0217	0.045
0.021	0.046
0.0082	0.047
0.0022	0.048
0.0165	0.049
0.0187	0.05
0.0067	0.051
0.0022	0.052
-0.0023	0.053
-0.0075	0.054
0.0495	0.055
0.0855	0.056
0.021	0.057
-0.0181	0.058
-0.0413	0.059
-0.0615	0.06
-0.0555	0.061
-0.0555	0.062
-0.0278	0.063
-0.0165	0.064
-0.0173	0.065
-0.0135	0.066
-0.024	0.067
-0.027	0.068
-0.0091	0.069
0.009	0.07
0.024	0.071
0.015	0.072
-0.0015	0.073
0.0262	0.074
0.027	0.075
0.027	0.076
0.0195	0.077
-0.0008	0.078
-0.0023	0.079
-0.0135	0.08
-0.0023	0.081
0.0075	0.082
0.0082	0.083
0.0	0.084
0.0067	0.085
0.024	0.086
0.0315	0.087
0.03	0.088
0.0142	0.089
0.0067	0.09
-0.0023	0.091
-0.0015	0.092
0.0082	0.093
0.018	0.094
0.0255	0.095
0.0135	0.096
-0.0098	0.097
-0.024	0.098
-0.0323	0.099
-0.0315	0.1
-0.0248	0.101
-0.0218	0.102
-0.0188	0.103
-0.0143	0.104
-0.0068	0.105
-0.0158	0.106
-0.0165	0.107
-0.0053	0.108
0.0007	0.109
0.0067	0.11
0.0045	0.111
0.003	0.112
0.0022	0.113
0.009	0.114
0.0232	0.115
0.0195	0.116
0.0165	0.117
0.024	0.118
0.0067	0.119
-0.0195	0.12
-0.0383	0.121
-0.0458	0.122
-0.0308	0.123
-0.0135	0.124
0.0015	0.125
0.0082	0.126
0.0082	0.127
0.0067	0.128
0.0105	0.129
0.012	0.13
0.0112	0.131
0.0217	0.132
0.021	0.133
0.024	0.134
0.0232	0.135
0.012	0.136
-0.0098	0.137
-0.0346	0.138
-0.0278	0.139
-0.0098	0.14
0.0075	0.141
0.0262	0.142
0.0307	0.143
0.0277	0.144
0.0195	0.145
0.0097	0.146
0.0	0.147
-0.0083	0.148
-0.0098	0.149
-0.0165	0.15
-0.0195	0.151
-0.0158	0.152
-0.0046	0.153
0.0157	0.154
0.0232	0.155
0.0105	0.156
-0.003	0.157
-0.0098	0.158
-0.0091	0.159
-0.0046	0.16
-0.0046	0.161
-0.0091	0.162
-0.0143	0.163
-0.0165	0.164
-0.0195	0.165
-0.015	0.166
-0.0068	0.167
0.003	0.168
0.0127	0.169
0.0157	0.17
0.0142	0.171
0.012	0.172
0.006	0.173
-0.0008	0.174
0.033	0.175
0.0885	0.176
0.0532	0.177
-0.0098	0.178
-0.0353	0.179
-0.0691	0.18
-0.0721	0.181
-0.0653	0.182
-0.0488	0.183
-0.0346	0.184
-0.0263	0.185
-0.0113	0.186
-0.0068	0.187
0.0045	0.188
0.018	0.189
0.0322	0.19
0.0532	0.191
0.102	0.192
0.1072	0.193
0.0637	0.194
0.0375	0.195
0.0052	0.196
-0.0008	0.197
-0.0256	0.198
-0.0495	0.199
-0.0511	0.2
-0.0525	0.201
-0.0405	0.202
-0.0353	0.203
-0.0278	0.204
-0.0293	0.205
-0.0188	0.206
-0.0113	0.207
-0.006	0.208
-0.0008	0.209
0.0007	0.21
0.0067	0.211
-0.0046	0.212
-0.0008	0.213
0.0045	0.214
0.009	0.215
0.012	0.216
0.0127	0.217
0.0157	0.218
0.0142	0.219
0.018	0.22
0.0172	0.221
0.0172	0.222
0.0157	0.223
0.0127	0.224
0.0067	0.225
-0.0008	0.226
0.0	0.227
0.003	0.228
0.0045	0.229
0.0022	0.23
-0.0008	0.231
0.0007	0.232
0.0	0.233
0.0015	0.234
0.0052	0.235
0.0082	0.236
0.0082	0.237
0.0067	0.238
0.0052	0.239
-0.0015	0.24
0.003	0.241
0.0157	0.242
0.012	0.243
0.0045	0.244
0.0007	0.245
-0.0105	0.246
-0.0225	0.247
-0.0263	0.248
-0.0263	0.249
-0.0218	0.25
-0.0046	0.251
-0.0008	0.252
0.0007	0.253
-0.0038	0.254
-0.012	0.255
-0.0075	0.256
-0.006	0.257
-0.0015	0.258
0.0082	0.259
0.015	0.26
0.009	0.261
0.009	0.262
0.0052	0.263
-0.0038	0.264
-0.0046	0.265
-0.003	0.266
0.0015	0.267
0.0007	0.268
0.0015	0.269
0.003	0.27
0.0045	0.271
0.0052	0.272
0.0045	0.273
0.012	0.274
0.027	0.275
0.0262	0.276
0.0105	0.277
-0.0008	0.278
-0.012	0.279
-0.0218	0.28
-0.03	0.281
-0.0278	0.282
-0.0203	0.283
-0.0105	0.284
0.0015	0.285
0.0367	0.286
0.084	0.287
0.054	0.288
-0.0053	0.289
-0.0233	0.29
-0.0413	0.291
-0.0293	0.292
-0.024	0.293
-0.0256	0.294
-0.021	0.295
-0.0256	0.296
-0.0195	0.297
-0.0158	0.298
-0.0105	0.299
-0.0128	0.3
-0.003	0.301
0.0022	0.302
-0.0008	0.303
0.0075	0.304
0.0105	0.305
0.0142	0.306
0.0165	0.307
0.018	0.308
0.0187	0.309
0.021	0.31
0.024	0.311
0.03	0.312
0.0277	0.313
0.0112	0.314
0.0037	0.315
-0.0008	0.316
-0.0023	0.317
-0.0015	0.318
-0.0023	0.319
-0.0008	0.32
-0.003	0.321
-0.003	0.322
-0.0143	0.323
-0.0225	0.324
-0.0083	0.325
0.0015	0.326
0.009	0.327
0.0135	0.328
0.0127	0.329
0.0067	0.33
-0.0105	0.331
-0.033	0.332
-0.0405	0.333
-0.0233	0.334
-0.0046	0.335
0.0202	0.336
0.0307	0.337
0.0232	0.338
0.0165	0.339
0.0202	0.34
0.0345	0.341
0.0315	0.342
0.0292	0.343
0.0157	0.344
-0.003	0.345
-0.0008	0.346
0.0015	0.347
-0.0105	0.348
-0.03	0.349
-0.0383	0.35
-0.048	0.351
-0.0428	0.352
-0.0346	0.353
-0.0315	0.354
-0.027	0.355
-0.0256	0.356
-0.0188	0.357
-0.0068	0.358
0.0127	0.359
0.0135	0.36
0.0015	0.361
-0.0068	0.362
-0.0113	0.363
-0.0091	0.364
0.003	0.365
0.015	0.366
0.0195	0.367
0.027	0.368
0.0277	0.369
0.0315	0.37
0.033	0.371
0.0307	0.372
0.0345	0.373
0.027	0.374
0.024	0.375
0.024	0.376
0.0097	0.377
-0.0015	0.378
-0.0165	0.379
-0.0308	0.38
-0.0293	0.381
-0.0218	0.382
-0.0181	0.383
-0.0143	0.384
0.0045	0.385
0.03	0.386
0.036	0.387
0.0255	0.388
0.0165	0.389
0.0015	0.39
-0.0091	0.391
-0.0165	0.392
-0.0181	0.393
-0.0091	0.394
0.0	0.395
0.0	0.396
-0.0038	0.397
-0.012	0.398
-0.027	0.399
-0.0338	0.4
-0.03	0.401
-0.0158	0.402
0.003	0.403
0.006	0.404
-0.0015	0.405
-0.003	0.406
0.006	0.407
0.0307	0.408
0.072	0.409
0.0682	0.41
0.0165	0.411
-0.0165	0.412
-0.0458	0.413
-0.0548	0.414
-0.0518	0.415
-0.042	0.416
-0.027	0.417
-0.0248	0.418
-0.0135	0.419
-0.0046	0.42
0.003	0.421
0.0015	0.422
0.0045	0.423
0.0202	0.424
0.018	0.425
0.0105	0.426
0.0097	0.427
0.0097	0.428
0.0097	0.429
0.009	0.43
0.009	0.431
0.0112	0.432
0.012	0.433
0.0097	0.434
0.006	0.435
0.0052	0.436
0.003	0.437
0.0082	0.438
0.0262	0.439
0.0277	0.44
0.0112	0.441
-0.0015	0.442
-0.0181	0.443
-0.0346	0.444
-0.048	0.445
-0.0375	0.446
-0.0135	0.447
0.0022	0.448
0.024	0.449
0.0255	0.45
0.0172	0.451
0.0075	0.452
0.0007	0.453
0.0045	0.454
0.0037	0.455
0.0052	0.456
0.0015	0.457
-0.0008	0.458
-0.0008	0.459
-0.0053	0.46
-0.0083	0.461
-0.0075	0.462
-0.0038	0.463
-0.0038	0.464
-0.0068	0.465
-0.0046	0.466
-0.0008	0.467
-0.0023	0.468
-0.0015	0.469
-0.0015	0.47
-0.0068	0.471
-0.0128	0.472
-0.0053	0.473
0.0067	0.474
0.0157	0.475
0.0217	0.476
0.0202	0.477
0.0217	0.478
0.0142	0.479
0.003	0.48
0.0052	0.481
0.0082	0.482
0.0045	0.483
-0.0015	0.484
-0.0023	0.485
0.0052	0.486
0.0232	0.487
0.0217	0.488
0.006	0.489
-0.006	0.49
-0.0181	0.491
-0.0158	0.492
-0.0158	0.493
-0.0181	0.494
-0.0203	0.495
-0.0233	0.496
-0.0195	0.497
-0.0128	0.498
-0.0046	0.499
0.0007	0.5
-0.0008	0.501
-0.0015	0.502
-0.0008	0.503
0.0015	0.504
0.0045	0.505
0.0015	0.506
0.0007	0.507
-0.0008	0.508
-0.0068	0.509
-0.0053	0.51
-0.0068	0.511
-0.012	0.512
-0.0053	0.513
0.009	0.514
0.018	0.515
0.024	0.516
0.0142	0.517
0.0105	0.518
0.0082	0.519
0.003	0.52
0.0007	0.521
-0.0075	0.522
-0.0083	0.523
-0.0053	0.524
0.0015	0.525
0.0015	0.526
0.0	0.527
0.0007	0.528
0.006	0.529
0.0165	0.53
0.027	0.531
0.033	0.532
0.0165	0.533
0.0015	0.534
-0.0023	0.535
0.0022	0.536
0.003	0.537
-0.0128	0.538
-0.0218	0.539
-0.03	0.54
-0.0308	0.541
-0.0233	0.542
-0.0195	0.543
-0.015	0.544
-0.0135	0.545
-0.012	0.546
-0.0105	0.547
0.0052	0.548
0.018	0.549
0.0082	0.55
-0.006	0.551
-0.0098	0.552
-0.003	0.553
0.0067	0.554
0.0105	0.555
0.0135	0.556
0.0165	0.557
0.0195	0.558
0.0232	0.559
0.0217	0.56
0.0202	0.561
0.012	0.562
0.0052	0.563
-0.0015	0.564
-0.0105	0.565
-0.0091	0.566
-0.0105	0.567
-0.0083	0.568
-0.006	0.569
-0.0038	0.57
-0.0038	0.571
-0.0068	0.572
-0.003	0.573
0.0022	0.574
0.0045	0.575
0.0007	0.576
-0.003	0.577
-0.003	0.578
-0.0008	0.579
0.0045	0.58
0.0082	0.581
0.0015	0.582
-0.006	0.583
-0.003	0.584
0.0	0.585
0.0015	0.586
0.0015	0.587
-0.0015	0.588
-0.003	0.589
-0.0105	0.59
-0.0173	0.591
-0.0038	0.592
0.0082	0.593
0.0165	0.594
0.0367	0.595
0.0405	0.596
0.0247	0.597
0.0037	0.598
-0.012	0.599
-0.0158	0.6
-0.0173	0.601
-0.0165	0.602
-0.0105	0.603
-0.0068	0.604
-0.0091	0.605
-0.0143	0.606
-0.0143	0.607
-0.012	0.608
-0.0098	0.609
-0.0091	0.61
-0.0091	0.611
0.0015	0.612
0.0067	0.613
0.0052	0.614
0.0022	0.615
0.0007	0.616
0.0037	0.617
0.0105	0.618
0.0127	0.619
0.0105	0.62
0.0127	0.621
0.0127	0.622
0.0142	0.623
0.012	0.624
0.0082	0.625
0.0157	0.626
0.027	0.627
0.0187	0.628
0.0045	0.629
-0.0083	0.63
-0.0203	0.631
-0.0233	0.632
-0.0278	0.633
-0.027	0.634
-0.0218	0.635
-0.0158	0.636
-0.0075	0.637
-0.0053	0.638
-0.0008	0.639
0.003	0.64
0.003	0.641
0.003	0.642
-0.0008	0.643
-0.0046	0.644
-0.0053	0.645
-0.003	0.646
0.0052	0.647
0.0225	0.648
0.054	0.649
0.0682	0.65
0.0427	0.651
0.0195	0.652
-0.0083	0.653
-0.03	0.654
-0.039	0.655
-0.0428	0.656
-0.0346	0.657
-0.0285	0.658
-0.0181	0.659
-0.0165	0.66
-0.0203	0.661
-0.0203	0.662
-0.0143	0.663
-0.006	0.664
0.0015	0.665
0.0127	0.666
0.0195	0.667
0.024	0.668
0.0225	0.669
0.018	0.67
0.0142	0.671
0.0112	0.672
0.0067	0.673
0.0022	0.674
0.0015	0.675
0.0067	0.676
0.0217	0.677
-0.0008	0.678
-0.03	0.679
-0.027	0.68
-0.0195	0.681
0.0015	0.682
0.012	0.683
0.0195	0.684
0.0217	0.685
0.0217	0.686
0.033	0.687
0.036	0.688
0.03	0.689
0.012	0.69
0.003	0.691
-0.0083	0.692
-0.0218	0.693
-0.0278	0.694
-0.027	0.695
-0.0278	0.696
-0.024	0.697
-0.0105	0.698
-0.0015	0.699
0.0015	0.7
-0.0046	0.701
-0.0105	0.702
-0.0128	0.703
-0.0105	0.704
-0.003	0.705
0.0082	0.706
0.012	0.707
0.0075	0.708
0.0067	0.709
0.0045	0.71
0.003	0.711
0.0007	0.712
-0.003	0.713
-0.003	0.714
-0.0046	0.715
0.0007	0.716
0.0232	0.717
0.0532	0.718
0.0457	0.719
0.0105	0.72
-0.0143	0.721
-0.042	0.722
-0.0473	0.723
-0.0398	0.724
-0.033	0.725
-0.0188	0.726
-0.012	0.727
-0.0053	0.728
-0.0008	0.729
0.003	0.73
0.003	0.731
0.0007	0.732
-0.003	0.733
-0.0008	0.734
0.0097	0.735
0.0127	0.736
0.0142	0.737
0.018	0.738
0.018	0.739
0.0157	0.74
0.0097	0.741
0.0082	0.742
0.0067	0.743
0.0067	0.744
0.0082	0.745
0.006	0.746
0.0015	0.747
0.0	0.748
-0.0015	0.749
-0.003	0.75
-0.0023	0.751
0.0	0.752
0.0022	0.753
0.003	0.754
0.0007	0.755
-0.0015	0.756
-0.0015	0.757
0.0	0.758
-0.003	0.759
-0.0053	0.76
-0.0068	0.761
-0.0068	0.762
-0.0046	0.763
-0.0023	0.764
-0.003	0.765
-0.003	0.766
-0.0008	0.767
0.0	0.768
0.0007	0.769
0.0007	0.77
-0.0008	0.771
0.009	0.772
0.0157	0.773
0.0105	0.774
0.0037	0.775
-0.003	0.776
0.0	0.777
0.0045	0.778
0.018	0.779
0.0285	0.78
0.0202	0.781
0.0097	0.782
0.0015	0.783
-0.0068	0.784
-0.012	0.785
-0.015	0.786
-0.0173	0.787
-0.0195	0.788
-0.0203	0.789
-0.0218	0.79
-0.021	0.791
-0.0165	0.792
-0.0135	0.793
-0.012	0.794
-0.0105	0.795
-0.0083	0.796
0.0007	0.797
0.009	0.798
0.0157	0.799
0.0202	0.8
0.0202	0.801
0.0187	0.802
0.0142	0.803
0.0127	0.804
0.0082	0.805
0.0022	0.806
0.0045	0.807
0.0045	0.808
-0.0008	0.809
-0.0038	0.81
-0.0053	0.811
-0.012	0.812
-0.015	0.813
-0.0113	0.814
-0.006	0.815
0.0045	0.816
0.0202	0.817
0.0315	0.818
0.036	0.819
0.039	0.82
0.0307	0.821
0.0067	0.822
-0.0158	0.823
-0.0323	0.824
-0.0383	0.825
-0.0353	0.826
-0.0346	0.827
-0.0353	0.828
-0.0308	0.829
-0.0225	0.83
-0.0128	0.831
-0.0053	0.832
-0.0015	0.833
0.0045	0.834
0.0097	0.835
0.0105	0.836
0.006	0.837
0.0052	0.838
0.0307	0.839
0.0517	0.84
0.0232	0.841
0.0015	0.842
-0.0083	0.843
-0.0143	0.844
-0.0083	0.845
-0.0068	0.846
-0.0015	0.847
0.0	0.848
0.003	0.849
0.0045	0.85
0.0052	0.851
0.0082	0.852
0.009	0.853
0.0105	0.854
0.0045	0.855
0.0037	0.856
0.0045	0.857
0.0022	0.858
-0.0008	0.859
-0.0046	0.86
-0.0075	0.861
-0.0046	0.862
0.0157	0.863
0.0202	0.864
-0.0046	0.865
-0.0181	0.866
-0.0233	0.867
-0.021	0.868
-0.0091	0.869
-0.0023	0.87
0.0052	0.871
0.0127	0.872
0.018	0.873
0.0142	0.874
0.006	0.875
0.0067	0.876
0.0052	0.877
0.0052	0.878
0.0015	0.879
-0.0015	0.88
0.0	0.881
-0.0023	0.882
-0.0023	0.883
-0.0053	0.884
-0.0091	0.885
-0.006	0.886
-0.0046	0.887
-0.0008	0.888
0.003	0.889
0.006	0.89
0.0052	0.891
0.003	0.892
-0.0015	0.893
-0.0068	0.894
-0.0068	0.895
-0.006	0.896
-0.0068	0.897
-0.0075	0.898
-0.0053	0.899
-0.0053	0.9
-0.0068	0.901
-0.0015	0.902
0.0022	0.903
0.0037	0.904
0.0022	0.905
-0.0015	0.906
0.0007	0.907
0.0007	0.908
0.0022	0.909
0.0022	0.91
0.0015	0.911
0.0015	0.912
0.0015	0.913
0.0075	0.914
0.0082	0.915
-0.0015	0.916
-0.0098	0.917
-0.012	0.918
-0.0083	0.919
0.0022	0.92
0.0142	0.921
0.0195	0.922
0.0165	0.923
0.012	0.924
0.0007	0.925
-0.0083	0.926
-0.012	0.927
-0.012	0.928
-0.0098	0.929
-0.0098	0.93
-0.0091	0.931
-0.0053	0.932
-0.0046	0.933
-0.0015	0.934
0.0022	0.935
0.006	0.936
0.0075	0.937
0.0075	0.938
0.009	0.939
0.0097	0.94
0.0082	0.941
0.0082	0.942
0.0112	0.943
0.0127	0.944
0.0105	0.945
0.0045	0.946
0.0007	0.947
-0.0105	0.948
-0.0233	0.949
-0.0278	0.95
-0.0233	0.951
-0.0158	0.952
-0.0083	0.953
0.0007	0.954
0.0082	0.955
0.012	0.956
0.0142	0.957
0.0127	0.958
0.0105	0.959
0.009	0.96
0.003	0.961
-0.0008	0.962
0.003	0.963
-0.0008	0.964
-0.0015	0.965
-0.0008	0.966
-0.003	0.967
-0.0046	0.968
-0.0053	0.969
-0.0015	0.97
-0.0023	0.971
-0.003	0.972
-0.0008	0.973
0.0	0.974
-0.0008	0.975
0.0007	0.976
0.0045	0.977
0.0045	0.978
0.003	0.979
0.0045	0.98
0.003	0.981
0.0045	0.982
0.0045	0.983
0.0052	0.984
0.0097	0.985
0.009	0.986
0.0082	0.987
0.0037	0.988
0.003	0.989
0.0097	0.99
0.006	0.991
-0.0165	0.992
-0.027	0.993
-0.0256	0.994
-0.0173	0.995
-0.0046	0.996
-0.003	0.997
0.0007	0.998
0.0007	0.999
0.0007	1.0
0.006	1.001
0.0075	1.002
0.012	1.003
0.0127	1.004
0.0112	1.005
0.0067	1.006
-0.0023	1.007
-0.0038	1.008
0.0007	1.009
0.0022	1.01
-0.0008	1.011
-0.0038	1.012
-0.0023	1.013
-0.0023	1.014
-0.003	1.015
-0.0008	1.016
0.0007	1.017
0.0	1.018
0.0007	1.019
-0.0008	1.02
-0.0008	1.021
-0.0015	1.022
-0.0008	1.023
0.0	1.024
-0.0008	1.025
-0.003	1.026
-0.003	1.027
-0.0008	1.028
-0.0046	1.029
-0.0053	1.03
-0.0068	1.031
-0.006	1.032
-0.0015	1.033
0.0052	1.034
0.0127	1.035
0.0127	1.036
0.012	1.037
0.009	1.038
0.0015	1.039
-0.0023	1.04
-0.0053	1.041
-0.0098	1.042
-0.0091	1.043
-0.0098	1.044
-0.0091	1.045
-0.0053	1.046
-0.0053	1.047
-0.0038	1.048
-0.0046	1.049
-0.0023	1.05
-0.0008	1.051
-0.0023	1.052
0.0007	1.053
0.0007	1.054
0.003	1.055
0.0067	1.056
0.0052	1.057
0.0067	1.058
0.0075	1.059
0.0082	1.06
0.0037	1.061
-0.0008	1.062
-0.0008	1.063
-0.0015	1.064
-0.0015	1.065
-0.0008	1.066
0.003	1.067
0.0045	1.068
0.0052	1.069
0.0067	1.07
0.0067	1.071
0.0082	1.072
0.009	1.073
0.0105	1.074
0.0142	1.075
0.0112	1.076
0.0045	1.077
-0.0015	1.078
-0.006	1.079
-0.0113	1.08
-0.0128	1.081
-0.0105	1.082
-0.0128	1.083
-0.0091	1.084
-0.0046	1.085
-0.0015	1.086
0.003	1.087
0.0052	1.088
0.0067	1.089
0.0052	1.09
0.0082	1.091
0.012	1.092
0.0007	1.093
-0.0105	1.094
-0.0143	1.095
-0.0188	1.096
-0.0143	1.097
-0.0098	1.098
-0.0068	1.099
-0.0015	1.1
0.0015	1.101
0.0067	1.102
0.0067	1.103
0.0052	1.104
0.0075	1.105
0.0082	1.106
0.009	1.107
0.0067	1.108
0.0045	1.109
0.0015	1.11
-0.003	1.111
-0.0038	1.112
-0.003	1.113
-0.003	1.114
-0.003	1.115
-0.0015	1.116
0.0	1.117
0.0022	1.118
0.003	1.119
0.003	1.12
0.0052	1.121
0.0037	1.122
0.003	1.123
0.0022	1.124
-0.0015	1.125
-0.0008	1.126
-0.0015	1.127
-0.0046	1.128
-0.0053	1.129
-0.0068	1.13
-0.006	1.131
-0.0053	1.132
-0.0015	1.133
0.0015	1.134
0.0022	1.135
0.0045	1.136
0.0045	1.137
0.003	1.138
0.0045	1.139
0.0045	1.14
0.0037	1.141
0.0007	1.142
-0.0008	1.143
0.0	1.144
-0.0015	1.145
-0.0015	1.146
-0.0046	1.147
-0.0046	1.148
-0.0023	1.149
-0.0008	1.15
0.0007	1.151
0.0022	1.152
0.003	1.153
0.003	1.154
0.0037	1.155
0.0045	1.156
0.006	1.157
0.0052	1.158
0.003	1.159
0.0007	1.16
-0.0015	1.161
-0.0023	1.162
-0.0046	1.163
-0.0046	1.164
-0.003	1.165
-0.0015	1.166
-0.0008	1.167
0.0007	1.168
0.0015	1.169
0.0015	1.17
0.003	1.171
0.003	1.172
0.0045	1.173
0.0067	1.174
0.009	1.175
0.009	1.176
0.009	1.177
0.0082	1.178
-0.0008	1.179
-0.0105	1.18
-0.0203	1.181
-0.0195	1.182
-0.012	1.183
-0.006	1.184
-0.0008	1.185
0.0015	1.186
0.0015	1.187
0.0045	1.188
0.0045	1.189
0.0052	1.19
0.0037	1.191
-0.0015	1.192
-0.0008	1.193
-0.0008	1.194
-0.0038	1.195
-0.003	1.196
-0.003	1.197
-0.0015	1.198
0.0	1.199
0.0007	1.2
0.0022	1.201
0.0045	1.202
0.0052	1.203
0.006	1.204
0.0052	1.205
0.0045	1.206
0.0022	1.207
0.003	1.208
0.0037	1.209
0.0015	1.21
0.0007	1.211
-0.0015	1.212
-0.0053	1.213
-0.0046	1.214
-0.0053	1.215
-0.006	1.216
-0.003	1.217
-0.0008	1.218
0.0007	1.219
0.0015	1.22
0.0007	1.221
0.003	1.222
0.0037	1.223
0.0007	1.224
-0.0008	1.225
-0.003	1.226
-0.0038	1.227
-0.0046	1.228
-0.0046	1.229
-0.0046	1.23
-0.0038	1.231
-0.0008	1.232
0.0015	1.233
0.0015	1.234
0.003	1.235
0.003	1.236
0.0037	1.237
0.0037	1.238
0.003	1.239
0.0045	1.24
0.0037	1.241
0.003	1.242
0.003	1.243
-0.0015	1.244
-0.003	1.245
-0.003	1.246
-0.003	1.247
-0.0023	1.248
0.0015	1.249
0.0045	1.25
0.0045	1.251
0.0052	1.252
0.0052	1.253
0.0045	1.254
0.0045	1.255
0.0052	1.256
0.0052	1.257
0.003	1.258
0.0015	1.259
-0.003	1.26
-0.0046	1.261
-0.0038	1.262
-0.0053	1.263
-0.0046	1.264
-0.0038	1.265
-0.0015	1.266
0.0007	1.267
0.0015	1.268
0.003	1.269
0.0007	1.27
0.0015	1.271
0.003	1.272
0.003	1.273
0.003	1.274
-0.0008	1.275
-0.0015	1.276
-0.003	1.277
-0.003	1.278
-0.0046	1.279
-0.0046	1.28
-0.0053	1.281
-0.006	1.282
-0.0023	1.283
-0.0015	1.284
-0.0008	1.285
0.0015	1.286
0.0015	1.287
0.003	1.288
0.003	1.289
0.0022	1.29
0.0	1.291
-0.0015	1.292
0.0	1.293
-0.0046	1.294
-0.0046	1.295
-0.003	1.296
-0.0038	1.297
-0.0023	1.298
-0.0023	1.299
0.0	1.3
0.0007	1.301
0.0007	1.302
0.0015	1.303
0.0007	1.304
0.0015	1.305
0.003	1.306
0.003	1.307
0.0037	1.308
0.0037	1.309
0.003	1.31
0.0	1.311
0.0	1.312
0.0	1.313
-0.0015	1.314
-0.0008	1.315
-0.0008	1.316
0.0015	1.317
0.0015	1.318
0.003	1.319
0.0045	1.32
0.0045	1.321
0.0045	1.322
0.0037	1.323
0.0007	1.324
-0.0008	1.325
0.0015	1.326
-0.0008	1.327
-0.0038	1.328
-0.0038	1.329
-0.0053	1.33
-0.0046	1.331
-0.0023	1.332
0.0	1.333
0.0007	1.334
0.003	1.335
0.0045	1.336
0.0037	1.337
0.0045	1.338
0.003	1.339
0.0045	1.34
0.0015	1.341
-0.0008	1.342
-0.0015	1.343
-0.0046	1.344
-0.0068	1.345
-0.0083	1.346
-0.0046	1.347
-0.0046	1.348
-0.003	1.349
-0.0008	1.35
0.0007	1.351
0.0022	1.352
0.0015	1.353
0.003	1.354
0.006	1.355
0.0052	1.356
0.0045	1.357
0.003	1.358
0.003	1.359
0.0007	1.36
-0.003	1.361
-0.0038	1.362
-0.0046	1.363
-0.0046	1.364
-0.003	1.365
-0.0015	1.366
0.0015	1.367
0.0007	1.368
0.0007	1.369
0.0015	1.37
0.0	1.371
0.0022	1.372
0.0022	1.373
0.0022	1.374
-0.0008	1.375
-0.0015	1.376
-0.0008	1.377
0.0	1.378
-0.0015	1.379
-0.003	1.38
0.0007	1.381
0.0	1.382
0.0007	1.383
0.003	1.384
0.003	1.385
0.0015	1.386
0.0007	1.387
0.003	1.388
0.0015	1.389
0.0015	1.39
0.0007	1.391
-0.0008	1.392
0.0	1.393
-0.0015	1.394
-0.0015	1.395
-0.0038	1.396
-0.0023	1.397
-0.0015	1.398
0.0007	1.399
0.0037	1.4
0.0052	1.401
0.0045	1.402
0.003	1.403
0.003	1.404
0.0045	1.405
0.0045	1.406
0.0015	1.407
0.0015	1.408
-0.0008	1.409
-0.0023	1.41
-0.0008	1.411
-0.0008	1.412
-0.0023	1.413
-0.0046	1.414
-0.0023	1.415
-0.003	1.416
0.0	1.417
0.0007	1.418
0.0007	1.419
0.0007	1.42
-0.0008	1.421
0.0007	1.422
0.0015	1.423
0.0007	1.424
-0.0008	1.425
-0.0023	1.426
-0.0046	1.427
-0.0046	1.428
-0.0038	1.429
-0.0015	1.43
-0.0023	1.431
-0.0008	1.432
0.0022	1.433
0.0045	1.434
0.003	1.435
0.003	1.436
0.0037	1.437
0.003	1.438
0.003	1.439
0.0015	1.44
0.0007	1.441
-0.0008	1.442
-0.0023	1.443
-0.0015	1.444
-0.0023	1.445
-0.0008	1.446
-0.0008	1.447
-0.0008	1.448
0.0	1.449
-0.0008	1.45
0.0	1.451
-0.0015	1.452
-0.003	1.453
-0.0015	1.454
0.0007	1.455
0.003	1.456
0.0022	1.457
-0.003	1.458
-0.0038	1.459
-0.003	1.46
-0.0015	1.461
0.0015	1.462
0.0015	1.463
0.0037	1.464
0.0045	1.465
0.0052	1.466
0.0067	1.467
0.006	1.468
0.0067	1.469
0.006	1.47
0.003	1.471
0.0015	1.472
-0.0008	1.473
-0.0023	1.474
-0.0023	1.475
-0.003	1.476
-0.0038	1.477
-0.0046	1.478
-0.0053	1.479
-0.0068	1.48
-0.0068	1.481
-0.006	1.482
-0.0046	1.483
-0.0015	1.484
0.0007	1.485
0.0015	1.486
0.0015	1.487
0.0015	1.488
0.0022	1.489
0.0045	1.49
0.0045	1.491
0.003	1.492
0.0022	1.493
0.0045	1.494
0.0045	1.495
0.0	1.496
-0.003	1.497
-0.0053	1.498
-0.0046	1.499
-0.003	1.5
0.0	1.501
-0.0008	1.502
-0.0015	1.503
0.0	1.504
0.0022	1.505
0.0015	1.506
0.0007	1.507
0.0015	1.508
0.0	1.509
-0.0008	1.51
-0.003	1.511
-0.003	1.512
-0.0053	1.513
-0.0053	1.514
-0.0015	1.515
-0.0008	1.516
0.0007	1.517
0.003	1.518
0.0052	1.519
0.0045	1.52
0.003	1.521
0.003	1.522
0.0015	1.523
0.0015	1.524
-0.0008	1.525
-0.0015	1.526
-0.003	1.527
-0.003	1.528
-0.0023	1.529
-0.0015	1.53
-0.0015	1.531
-0.0008	1.532
0.0007	1.533
0.0015	1.534
0.003	1.535
0.0045	1.536
0.0045	1.537
0.0037	1.538
0.0015	1.539
0.0015	1.54
0.0022	1.541
0.0022	1.542
0.0022	1.543
-0.0015	1.544
-0.003	1.545
-0.0015	1.546
-0.0008	1.547
-0.0015	1.548
-0.0015	1.549
0.0	1.55
0.0015	1.551
0.003	1.552
0.0022	1.553
0.0015	1.554
0.0	1.555
-0.0015	1.556
-0.003	1.557
-0.0053	1.558
-0.0015	1.559
-0.0015	1.56
-0.0023	1.561
-0.0015	1.562
-0.0023	1.563
-0.003	1.564
-0.0015	1.565
0.0007	1.566
0.0007	1.567
0.0037	1.568
0.0052	1.569
0.0045	1.57
0.0052	1.571
0.0045	1.572
0.0045	1.573
0.0045	1.574
0.0007	1.575
-0.0008	1.576
-0.003	1.577
-0.0046	1.578
-0.0015	1.579
-0.003	1.58
-0.003	1.581
-0.0015	1.582
-0.0015	1.583
-0.0015	1.584
-0.0023	1.585
-0.0015	1.586
-0.0015	1.587
0.0	1.588
0.0015	1.589
0.0	1.59
0.0015	1.591
0.0007	1.592
0.0007	1.593
0.0037	1.594
0.0052	1.595
0.006	1.596
0.003	1.597
0.0007	1.598
0.0037	1.599
0.006	1.6
0.0052	1.601
0.003	1.602
0.003	1.603
0.0015	1.604
0.0022	1.605
0.0022	1.606
0.0007	1.607
-0.0008	1.608
-0.0046	1.609
-0.0053	1.61
-0.0053	1.611
-0.0083	1.612
-0.0083	1.613
-0.0068	1.614
-0.0038	1.615
0.0	1.616
0.0015	1.617
0.0015	1.618
0.0015	1.619
0.0007	1.62
0.003	1.621
0.0045	1.622
0.003	1.623
0.0015	1.624
0.0015	1.625
-0.0008	1.626
-0.0046	1.627
-0.0046	1.628
-0.003	1.629
-0.003	1.63
0.0007	1.631
0.003	1.632
0.003	1.633
0.0022	1.634
0.0015	1.635
0.0015	1.636
0.0015	1.637
0.0022	1.638
0.003	1.639
0.0015	1.64
0.0007	1.641
-0.0015	1.642
-0.003	1.643
-0.0023	1.644
-0.0015	1.645
-0.0023	1.646
-0.003	1.647
-0.0015	1.648
-0.0015	1.649
-0.0015	1.65
0.0	1.651
0.0015	1.652
0.003	1.653
0.0015	1.654
0.0015	1.655
0.0022	1.656
0.0015	1.657
-0.0015	1.658
-0.0015	1.659
-0.0008	1.66
-0.0015	1.661
-0.0023	1.662
-0.0023	1.663
-0.003	1.664
-0.0008	1.665
0.0	1.666
0.0	1.667
0.003	1.668
0.0015	1.669
0.0015	1.67
0.0022	1.671
-0.0008	1.672
0.0007	1.673
-0.0008	1.674
-0.003	1.675
-0.003	1.676
-0.0053	1.677
-0.0046	1.678
-0.0053	1.679
-0.0015	1.68
-0.0015	1.681
-0.0015	1.682
0.0007	1.683
0.003	1.684
0.0052	1.685
0.006	1.686
0.0067	1.687
0.0082	1.688
0.0075	1.689
0.0067	1.69
0.0067	1.691
0.0052	1.692
0.003	1.693
0.0	1.694
-0.003	1.695
-0.0008	1.696
-0.0015	1.697
-0.0015	1.698
0.0007	1.699
0.0007	1.7
0.0015	1.701
-0.0008	1.702
-0.0015	1.703
-0.0008	1.704
0.0007	1.705
0.0007	1.706
0.0	1.707
-0.0015	1.708
-0.0015	1.709
-0.0015	1.71
-0.0046	1.711
-0.0046	1.712
-0.0053	1.713
-0.0075	1.714
-0.0053	1.715
-0.0008	1.716
0.0007	1.717
0.003	1.718
0.003	1.719
0.003	1.72
0.0045	1.721
0.0037	1.722
0.003	1.723
0.003	1.724
0.0007	1.725
-0.0008	1.726
-0.0008	1.727
-0.003	1.728
-0.0023	1.729
-0.003	1.73
-0.0008	1.731
0.0007	1.732
0.0007	1.733
0.0015	1.734
0.0	1.735
0.0015	1.736
0.003	1.737
0.003	1.738
0.0015	1.739
0.0022	1.74
0.0007	1.741
-0.003	1.742
-0.003	1.743
-0.0008	1.744
0.0007	1.745
0.0007	1.746
0.0015	1.747
0.0022	1.748
0.0022	1.749
0.003	1.75
0.006	1.751
0.0052	1.752
0.003	1.753
0.0045	1.754
0.0015	1.755
0.0015	1.756
-0.0015	1.757
-0.0015	1.758
-0.0015	1.759
-0.0046	1.76
-0.003	1.761
-0.0053	1.762
-0.003	1.763
-0.0068	1.764
-0.0046	1.765
-0.0015	1.766
-0.0015	1.767
0.0	1.768
0.0007	1.769
0.0022	1.77
0.0015	1.771
0.003	1.772
0.0015	1.773
-0.0008	1.774
-0.0015	1.775
-0.003	1.776
-0.0015	1.777
-0.0008	1.778
-0.0015	1.779
-0.0008	1.78
0.0022	1.781
0.003	1.782
0.003	1.783
0.0022	1.784
0.0037	1.785
0.0015	1.786
0.0015	1.787
0.0022	1.788
0.0007	1.789
0.0015	1.79
0.0015	1.791
-0.0015	1.792
-0.003	1.793
-0.0023	1.794
-0.0023	1.795
-0.0015	1.796
-0.0015	1.797
0.0015	1.798
0.003	1.799
0.003	1.8
0.0015	1.801
0.0015	1.802
0.0007	1.803
0.003	1.804
0.0015	1.805
0.0007	1.806
-0.0008	1.807
-0.0008	1.808
0.0007	1.809
-0.0015	1.81
-0.003	1.811
-0.003	1.812
-0.0038	1.813
-0.003	1.814
-0.0023	1.815
0.0	1.816
0.0015	1.817
0.0015	1.818
0.0015	1.819
0.0052	1.82
0.0045	1.821
0.003	1.822
0.0037	1.823
0.003	1.824
0.003	1.825
0.0015	1.826
-0.0008	1.827
-0.0015	1.828
-0.0023	1.829
-0.0015	1.83
-0.0008	1.831
-0.0008	1.832
-0.0008	1.833
0.0015	1.834
0.0015	1.835
0.0007	1.836
0.003	1.837
0.0015	1.838
0.0022	1.839
0.0007	1.84
-0.0015	1.841
-0.0038	1.842
-0.006	1.843
-0.006	1.844
-0.006	1.845
-0.0053	1.846
-0.0038	1.847
-0.0038	1.848
-0.003	1.849
-0.0008	1.85
0.0022	1.851
0.0007	1.852
0.0037	1.853
0.0045	1.854
0.003	1.855
0.003	1.856
0.003	1.857
0.0045	1.858
0.0007	1.859
-0.0015	1.86
-0.0023	1.861
-0.0046	1.862
-0.0053	1.863
-0.0053	1.864
-0.0038	1.865
-0.0015	1.866
-0.0008	1.867
0.0015	1.868
0.0022	1.869
0.003	1.87
0.0045	1.871
0.0007	1.872
-0.0008	1.873
-0.0015	1.874
-0.0015	1.875
-0.0008	1.876
-0.0008	1.877
0.0007	1.878
0.0015	1.879
0.0007	1.88
0.0007	1.881
0.0045	1.882
0.0067	1.883
0.0067	1.884
0.0067	1.885
0.0067	1.886
0.0075	1.887
0.0075	1.888
0.003	1.889
0.0015	1.89
0.0007	1.891
-0.003	1.892
-0.0046	1.893
-0.006	1.894
-0.0068	1.895
-0.0068	1.896
-0.0053	1.897
-0.003	1.898
-0.0015	1.899
-0.0023	1.9
0.0007	1.901
0.0007	1.902
-0.0008	1.903
0.0015	1.904
0.003	1.905
0.003	1.906
0.0	1.907
-0.0008	1.908
-0.0015	1.909
-0.0015	1.91
-0.0008	1.911
-0.0008	1.912
0.0	1.913
-0.0008	1.914
0.0	1.915
0.0	1.916
0.0015	1.917
0.0007	1.918
0.0007	1.919
0.003	1.92
0.0045	1.921
0.0037	1.922
0.0015	1.923
0.0	1.924
-0.0015	1.925
-0.0038	1.926
-0.0053	1.927
-0.0023	1.928
-0.0015	1.929
-0.003	1.93
-0.0008	1.931
-0.0008	1.932
0.0007	1.933
0.0007	1.934
0.0015	1.935
0.0022	1.936
0.0022	1.937
0.0052	1.938
0.003	1.939
0.0015	1.94
0.0007	1.941
0.0007	1.942
-0.0015	1.943
-0.0046	1.944
-0.0046	1.945
-0.006	1.946
-0.006	1.947
-0.0046	1.948
-0.003	1.949
-0.003	1.95
-0.0008	1.951
0.0007	1.952
0.0007	1.953
0.003	1.954
0.0015	1.955
0.0015	1.956
0.0015	1.957
-0.0008	1.958
-0.0008	1.959
0.0015	1.96
0.0	1.961
-0.0015	1.962
0.0	1.963
0.0	1.964
0.0015	1.965
0.0	1.966
0.0007	1.967
0.0015	1.968
0.003	1.969
0.0052	1.97
0.0045	1.971
0.0045	1.972
0.0022	1.973
0.0	1.974
0.0007	1.975
-0.0015	1.976
-0.0023	1.977
-0.0015	1.978
-0.0038	1.979
-0.003	1.98
-0.0015	1.981
0.0	1.982
0.0007	1.983
0.0022	1.984
0.0015	1.985
0.0015	1.986
0.0045	1.987
0.003	1.988
0.003	1.989
0.0022	1.99
0.0	1.991
-0.0008	1.992
-0.0015	1.993
-0.0008	1.994
-0.0023	1.995
-0.0015	1.996
-0.0008	1.997
-0.0008	1.998
0.0	1.999
-0.0015	2.0
0.0	2.001
0.0007	2.002
0.0	2.003
0.0007	2.004
0.0007	2.005
0.0015	2.006
0.0007	2.007
-0.0008	2.008
-0.0015	2.009
-0.003	2.01
-0.0046	2.011
-0.0046	2.012
-0.003	2.013
-0.0015	2.014
-0.0008	2.015
0.0015	2.016
0.0015	2.017
0.0015	2.018
0.003	2.019
0.0052	2.02
0.0045	2.021
0.0045	2.022
0.0037	2.023
0.0015	2.024
0.003	2.025
0.0	2.026
-0.0023	2.027
-0.0015	2.028
-0.003	2.029
-0.0046	2.03
-0.0038	2.031
-0.0015	2.032
0.0007	2.033
0.0007	2.034
0.0007	2.035
0.0007	2.036
0.0015	2.037
0.003	2.038
0.0007	2.039
-0.0008	2.04
0.0007	2.041
0.0007	2.042
-0.0008	2.043
-0.003	2.044
-0.0038	2.045
-0.0015	2.046
-0.0015	2.047
0.0007	2.048
0.0015	2.049
0.0015	2.05
0.0007	2.051
0.003	2.052
0.0045	2.053
0.0022	2.054
0.003	2.055
0.003	2.056
0.0037	2.057
0.0015	2.058
-0.0008	2.059
-0.0015	2.06
-0.003	2.061
-0.003	2.062
-0.003	2.063
-0.0023	2.064
0.0	2.065
0.0015	2.066
0.003	2.067
0.003	2.068
0.0037	2.069
0.003	2.07
0.003	2.071
0.0015	2.072
0.0022	2.073
0.0015	2.074
-0.0008	2.075
-0.0015	2.076
-0.003	2.077
-0.003	2.078
-0.003	2.079
-0.003	2.08
-0.0015	2.081
-0.0015	2.082
0.0007	2.083
0.0015	2.084
0.0	2.085
0.0022	2.086
0.0045	2.087
0.0022	2.088
0.0015	2.089
-0.0015	2.09
0.0	2.091
-0.0008	2.092
-0.0023	2.093
-0.003	2.094
-0.003	2.095
-0.0015	2.096
-0.0008	2.097
-0.0008	2.098
-0.0015	2.099
-0.0008	2.1
-0.0015	2.101
-0.0008	2.102
0.0	2.103
0.0007	2.104
0.003	2.105
0.0007	2.106
0.0022	2.107
0.0015	2.108
0.0	2.109
0.0007	2.11
-0.0015	2.111
-0.0008	2.112
-0.0008	2.113
0.0007	2.114
-0.0008	2.115
0.0015	2.116
0.0022	2.117
0.0037	2.118
0.0045	2.119
0.0045	2.12
0.0052	2.121
0.003	2.122
0.0015	2.123
0.0007	2.124
0.0015	2.125
0.0015	2.126
0.0	2.127
-0.0008	2.128
-0.0015	2.129
-0.003	2.13
-0.0023	2.131
0.0	2.132
0.0015	2.133
0.0015	2.134
0.0007	2.135
0.0007	2.136
0.0007	2.137
0.0007	2.138
-0.0008	2.139
-0.0008	2.14
-0.0008	2.141
-0.0015	2.142
-0.003	2.143
-0.0023	2.144
-0.0015	2.145
-0.0015	2.146
-0.0015	2.147
-0.0015	2.148
0.0007	2.149
0.0015	2.15
0.0007	2.151
0.0	2.152
0.0007	2.153
0.0015	2.154
0.0	2.155
0.0007	2.156
-0.0008	2.157
-0.0023	2.158
-0.0038	2.159
-0.003	2.16
-0.0023	2.161
-0.003	2.162
-0.0015	2.163
-0.0015	2.164
0.0007	2.165
0.0015	2.166
0.0015	2.167
0.0015	2.168
0.0015	2.169
0.0037	2.17
0.0052	2.171
0.0037	2.172
0.0022	2.173
0.0015	2.174
0.0007	2.175
-0.0015	2.176
-0.0015	2.177
-0.003	2.178
-0.0015	2.179
-0.0015	2.18
-0.0015	2.181
0.0007	2.182
0.0007	2.183
0.003	2.184
0.0022	2.185
0.0007	2.186
0.0007	2.187
0.0015	2.188
0.0007	2.189
-0.0023	2.19
-0.0046	2.191
-0.0053	2.192
-0.0053	2.193
-0.0046	2.194
-0.0046	2.195
-0.0038	2.196
0.0007	2.197
0.0022	2.198
0.0037	2.199
0.0045	2.2
0.0052	2.201
0.0052	2.202
0.0052	2.203
0.0045	2.204
0.0045	2.205
0.003	2.206
0.0007	2.207
0.0007	2.208
-0.0008	2.209
-0.003	2.21
-0.0053	2.211
-0.003	2.212
0.0007	2.213
0.0007	2.214
0.0015	2.215
0.0007	2.216
0.0007	2.217
0.0022	2.218
0.003	2.219
0.003	2.22
0.0052	2.221
0.0045	2.222
0.0007	2.223
0.0007	2.224
-0.0023	2.225
-0.0038	2.226
-0.0046	2.227
-0.0053	2.228
-0.0046	2.229
-0.0046	2.23
-0.0038	2.231
-0.0023	2.232
0.0	2.233
0.0015	2.234
0.0007	2.235
0.0015	2.236
-0.0008	2.237
-0.0008	2.238
0.0	2.239
-0.0015	2.24
-0.0015	2.241
-0.003	2.242
-0.0008	2.243
-0.0015	2.244
-0.0008	2.245
0.0007	2.246
0.0015	2.247
0.0045	2.248
0.0045	2.249
0.0037	2.25
0.003	2.251
0.003	2.252
0.0015	2.253
0.0045	2.254
0.0022	2.255
0.0015	2.256
0.0022	2.257
0.0	2.258
-0.0008	2.259
-0.0015	2.26
-0.0046	2.261
-0.0046	2.262
-0.0046	2.263
-0.0023	2.264
0.0007	2.265
-0.0008	2.266
0.0007	2.267
0.0015	2.268
0.0037	2.269
0.0045	2.27
0.0015	2.271
0.003	2.272
0.0015	2.273
0.0015	2.274
-0.0008	2.275
-0.0038	2.276
-0.0023	2.277
-0.003	2.278
-0.0038	2.279
-0.003	2.28
-0.0015	2.281
0.0015	2.282
0.0015	2.283
0.0015	2.284
0.0015	2.285
0.0015	2.286
0.0045	2.287
0.0015	2.288
0.0007	2.289
0.0007	2.29
-0.0008	2.291
-0.0015	2.292
-0.0038	2.293
-0.0068	2.294
-0.006	2.295
-0.0023	2.296
0.0015	2.297
0.0015	2.298
0.0015	2.299
0.0022	2.3
0.0007	2.301
0.003	2.302
0.003	2.303
0.0022	2.304
0.0022	2.305
0.0015	2.306
-0.0008	2.307
-0.0015	2.308
-0.0008	2.309
0.0	2.31
-0.0008	2.311
-0.003	2.312
-0.0015	2.313
0.003	2.314
0.0007	2.315
-0.0008	2.316
0.0015	2.317
0.0015	2.318
0.0015	2.319
0.003	2.32
0.003	2.321
0.003	2.322
0.003	2.323
0.003	2.324
0.003	2.325
0.0015	2.326
0.0	2.327
-0.003	2.328
-0.003	2.329
-0.0023	2.33
-0.0008	2.331
0.0007	2.332
0.0015	2.333
0.0015	2.334
0.0015	2.335
0.003	2.336
0.0007	2.337
-0.0015	2.338
0.0007	2.339
0.0007	2.34
0.0007	2.341
-0.0023	2.342
-0.003	2.343
-0.003	2.344
-0.003	2.345
-0.0038	2.346
-0.0038	2.347
0.0	2.348
0.0015	2.349
0.003	2.35
0.0037	2.351
0.003	2.352
0.0045	2.353
0.0022	2.354
0.0015	2.355
-0.0008	2.356
-0.0046	2.357
-0.0053	2.358
-0.0046	2.359
-0.0038	2.36
-0.0038	2.361
-0.0023	2.362
-0.003	2.363
-0.0046	2.364
-0.0053	2.365
-0.0015	2.366
0.0045	2.367
0.0045	2.368
0.0067	2.369
0.006	2.37
0.003	2.371
0.0015	2.372
0.0015	2.373
0.003	2.374
-0.0008	2.375
-0.0023	2.376
-0.0015	2.377
-0.0015	2.378
-0.0008	2.379
0.0007	2.38
0.0007	2.381
0.0	2.382
0.0015	2.383
0.003	2.384
0.0052	2.385
0.006	2.386
0.0052	2.387
0.0022	2.388
0.0007	2.389
-0.0015	2.39
-0.003	2.391
-0.0038	2.392
-0.0053	2.393
-0.0046	2.394
-0.0046	2.395
-0.0015	2.396
-0.0008	2.397
0.0	2.398
0.0007	2.399
0.0	2.4
0.0	2.401
0.0015	2.402
0.0015	2.403
0.0007	2.404
-0.0008	2.405
0.0	2.406
0.0007	2.407
-0.0038	2.408
-0.003	2.409
-0.0015	2.41
-0.0015	2.411
0.0	2.412
0.0007	2.413
0.0	2.414
0.0007	2.415
-0.0008	2.416
0.0007	2.417
0.0007	2.418
0.0	2.419
0.0015	2.42
0.0037	2.421
0.0007	2.422
0.0007	2.423
0.003	2.424
0.0	2.425
-0.0015	2.426
-0.0023	2.427
-0.003	2.428
-0.0015	2.429
-0.003	2.43
-0.0008	2.431
0.0015	2.432
0.0015	2.433
0.003	2.434
0.0045	2.435
0.0045	2.436
0.003	2.437
0.0022	2.438
0.0007	2.439
0.0007	2.44
0.0007	2.441
-0.0015	2.442
-0.0038	2.443
-0.0046	2.444
-0.0038	2.445
-0.0046	2.446
-0.0015	2.447
-0.0008	2.448
0.0	2.449
0.0007	2.45
0.003	2.451
0.0052	2.452
0.003	2.453
0.0007	2.454
0.0	2.455
0.0015	2.456
0.0007	2.457
0.0	2.458
0.0	2.459
-0.0008	2.46
0.0007	2.461
-0.0008	2.462
0.0015	2.463
0.003	2.464
0.003	2.465
0.003	2.466
0.0045	2.467
0.003	2.468
0.0022	2.469
0.003	2.47
0.0007	2.471
0.0022	2.472
0.0007	2.473
-0.0008	2.474
-0.0023	2.475
-0.003	2.476
-0.0053	2.477
-0.0053	2.478
-0.0046	2.479
-0.0038	2.48
-0.0015	2.481
-0.0008	2.482
0.0015	2.483
0.0015	2.484
0.0022	2.485
0.0045	2.486
0.0045	2.487
0.0045	2.488
0.0045	2.489
0.003	2.49
0.0007	2.491
0.0	2.492
-0.0008	2.493
-0.0023	2.494
-0.0038	2.495
-0.0038	2.496
-0.0015	2.497
-0.0015	2.498
-0.0015	2.499
-0.0023	2.5
-0.003	2.501
0.0	2.502
0.0015	2.503
0.0	2.504
0.0	2.505
0.0015	2.506
0.0015	2.507
-0.0015	2.508
-0.003	2.509
-0.0038	2.51
-0.003	2.511
-0.0008	2.512
0.0	2.513
-0.0008	2.514
0.0	2.515
0.0	2.516
-0.0008	2.517
-0.0023	2.518
-0.0023	2.519
0.0	2.52
0.0015	2.521
0.0022	2.522
0.0022	2.523
0.0015	2.524
0.0015	2.525
0.0015	2.526
0.0007	2.527
0.0007	2.528
0.0007	2.529
0.003	2.53
0.003	2.531
0.0022	2.532
0.0007	2.533
0.0007	2.534
0.0015	2.535
0.0007	2.536
0.0007	2.537
-0.0008	2.538
-0.0023	2.539
-0.0015	2.54
-0.0046	2.541
-0.003	2.542
-0.003	2.543
-0.003	2.544
-0.003	2.545
-0.003	2.546
-0.0008	2.547
0.0007	2.548
0.0007	2.549
0.0007	2.55
0.0015	2.551
0.0015	2.552
0.0007	2.553
-0.0008	2.554
0.0007	2.555
0.0022	2.556
0.0015	2.557
-0.0008	2.558
-0.0015	2.559
-0.0015	2.56
-0.0015	2.561
-0.0008	2.562
0.0	2.563
0.0	2.564
0.0015	2.565
0.0045	2.566
0.0037	2.567
0.0022	2.568
0.0045	2.569
0.003	2.57
0.0045	2.571
0.0045	2.572
0.0007	2.573
0.0015	2.574
-0.0008	2.575
-0.003	2.576
-0.0053	2.577
-0.003	2.578
-0.0008	2.579
0.0	2.58
0.0007	2.581
0.0007	2.582
0.0022	2.583
0.003	2.584
0.003	2.585
0.0052	2.586
0.0045	2.587
0.0015	2.588
0.0	2.589
0.0	2.59
-0.0008	2.591
-0.0015	2.592
-0.0023	2.593
-0.0046	2.594
-0.003	2.595
0.0	2.596
0.0	2.597
0.0015	2.598
0.0	2.599
-0.0008	2.6
0.0007	2.601
0.0015	2.602
0.003	2.603
0.003	2.604
0.0015	2.605
0.0015	2.606
0.0007	2.607
0.0007	2.608
0.0015	2.609
0.0	2.61
-0.0008	2.611
-0.0015	2.612
-0.0008	2.613
0.0007	2.614
-0.0008	2.615
-0.0008	2.616
-0.0008	2.617
-0.0008	2.618
0.0015	2.619
-0.0008	2.62
-0.0015	2.621
0.0	2.622
-0.0008	2.623
0.0022	2.624
0.003	2.625
0.0015	2.626
0.0	2.627
0.0015	2.628
0.0022	2.629
0.0	2.63
-0.0008	2.631
0.0015	2.632
0.0015	2.633
0.0007	2.634
-0.0015	2.635
-0.0046	2.636
-0.0053	2.637
-0.0053	2.638
-0.003	2.639
-0.0046	2.64
-0.0053	2.641
-0.0046	2.642
-0.003	2.643
-0.0015	2.644
0.0007	2.645
0.0045	2.646
0.0067	2.647
0.009	2.648
0.009	2.649
0.0045	2.65
-0.003	2.651
-0.0105	2.652
-0.0158	2.653
-0.0158	2.654
-0.0128	2.655
-0.0091	2.656
-0.0008	2.657
0.0135	2.658
0.018	2.659
0.0142	2.66
0.0135	2.661
0.0097	2.662
0.009	2.663
0.009	2.664
0.0052	2.665
0.0015	2.666
-0.0008	2.667
0.0	2.668
-0.0008	2.669
-0.0015	2.67
-0.0038	2.671
-0.0046	2.672
-0.0068	2.673
-0.0083	2.674
-0.006	2.675
-0.0053	2.676
-0.0046	2.677
-0.003	2.678
-0.0023	2.679
-0.0023	2.68
0.0007	2.681
0.0022	2.682
0.003	2.683
0.003	2.684
0.0037	2.685
0.0045	2.686
0.0022	2.687
0.003	2.688
0.0015	2.689
-0.003	2.69
-0.0046	2.691
-0.0046	2.692
-0.0046	2.693
-0.0046	2.694
-0.003	2.695
-0.0015	2.696
-0.0008	2.697
0.0007	2.698
0.0007	2.699
-0.0008	2.7
-0.0015	2.701
0.0	2.702
0.003	2.703
0.0007	2.704
-0.0015	2.705
0.0007	2.706
0.003	2.707
0.0037	2.708
0.0037	2.709
0.0015	2.71
0.0007	2.711
0.0	2.712
0.0007	2.713
0.0	2.714
-0.0008	2.715
0.0015	2.716
0.0015	2.717
0.0007	2.718
0.0015	2.719
0.0022	2.72
0.0015	2.721
0.0015	2.722
0.0007	2.723
0.0007	2.724
-0.0008	2.725
0.0	2.726
-0.0015	2.727
-0.0008	2.728
0.0	2.729
-0.0008	2.73
0.0007	2.731
-0.0008	2.732
-0.0015	2.733
-0.0015	2.734
0.0	2.735
0.0	2.736
-0.0015	2.737
-0.0023	2.738
-0.0015	2.739
-0.0008	2.74
0.0015	2.741
0.0037	2.742
0.0045	2.743
0.0037	2.744
0.0037	2.745
0.0045	2.746
0.0015	2.747
-0.0015	2.748
-0.0046	2.749
-0.0083	2.75
-0.0091	2.751
-0.0083	2.752
-0.0068	2.753
-0.0008	2.754
-0.0008	2.755
-0.0053	2.756
-0.0068	2.757
-0.0053	2.758
-0.0008	2.759
0.0052	2.76
0.0112	2.761
0.012	2.762
0.0157	2.763
0.018	2.764
0.012	2.765
0.0105	2.766
0.0067	2.767
0.0015	2.768
0.0007	2.769
-0.0008	2.77
-0.0015	2.771
-0.0046	2.772
-0.0053	2.773
-0.0083	2.774
-0.0091	2.775
-0.0075	2.776
-0.0068	2.777
-0.0068	2.778
-0.0053	2.779
-0.0046	2.78
-0.0015	2.781
0.0007	2.782
0.0015	2.783
0.0037	2.784
0.003	2.785
0.0022	2.786
0.0015	2.787
0.0007	2.788
-0.0008	2.789
-0.003	2.79
-0.0023	2.791
-0.0053	2.792
-0.006	2.793
-0.0046	2.794
-0.003	2.795
-0.0023	2.796
0.0007	2.797
0.003	2.798
0.0045	2.799
0.0045	2.8
0.003	2.801
0.0037	2.802
0.0015	2.803
0.0007	2.804
0.0015	2.805
0.0	2.806
-0.0008	2.807
-0.0008	2.808
0.0022	2.809
0.0015	2.81
0.0007	2.811
0.0007	2.812
0.0022	2.813
0.0045	2.814
0.0052	2.815
0.006	2.816
0.0037	2.817
0.003	2.818
0.003	2.819
0.003	2.82
0.003	2.821
0.0	2.822
-0.0015	2.823
-0.0053	2.824
-0.0046	2.825
-0.0038	2.826
-0.0046	2.827
-0.0038	2.828
0.0007	2.829
0.0037	2.83
0.0015	2.831
0.0007	2.832
0.0037	2.833
0.0105	2.834
0.009	2.835
-0.0015	2.836
-0.0105	2.837
-0.0158	2.838
-0.0143	2.839
-0.0075	2.84
-0.0046	2.841
-0.0075	2.842
-0.0105	2.843
-0.0098	2.844
-0.0083	2.845
-0.003	2.846
0.0045	2.847
0.0105	2.848
0.0127	2.849
0.0157	2.85
0.0165	2.851
0.0142	2.852
0.0082	2.853
0.0052	2.854
0.0037	2.855
0.0015	2.856
0.0007	2.857
0.0	2.858
-0.0015	2.859
-0.0046	2.86
-0.0038	2.861
-0.0038	2.862
-0.0046	2.863
-0.003	2.864
-0.0008	2.865
-0.0008	2.866
0.0	2.867
0.0015	2.868
-0.0008	2.869
-0.0015	2.87
-0.0015	2.871
-0.0015	2.872
-0.0015	2.873
-0.0038	2.874
-0.0053	2.875
-0.0046	2.876
-0.0038	2.877
-0.0015	2.878
0.0	2.879
0.0007	2.88
0.0015	2.881
0.0015	2.882
0.003	2.883
0.0045	2.884
0.0052	2.885
0.0052	2.886
0.0045	2.887
0.006	2.888
0.0082	2.889
0.0075	2.89
0.003	2.891
-0.0023	2.892
-0.0046	2.893
-0.0053	2.894
-0.003	2.895
-0.0023	2.896
-0.0015	2.897
0.0007	2.898
0.0007	2.899
-0.0008	2.9
0.0007	2.901
0.003	2.902
0.0015	2.903
0.0007	2.904
-0.0008	2.905
-0.0008	2.906
-0.0046	2.907
-0.0046	2.908
-0.0046	2.909
-0.0053	2.91
-0.0046	2.911
-0.0046	2.912
-0.0023	2.913
0.0007	2.914
0.003	2.915
0.0045	2.916
0.0007	2.917
-0.003	2.918
-0.0053	2.919
-0.0068	2.92
-0.0023	2.921
-0.0008	2.922
0.0045	2.923
0.0075	2.924
0.0052	2.925
0.0067	2.926
0.0045	2.927
0.0067	2.928
0.0082	2.929
0.0052	2.93
0.0052	2.931
0.003	2.932
0.0052	2.933
0.0015	2.934
-0.0023	2.935
-0.0038	2.936
-0.006	2.937
-0.0068	2.938
-0.006	2.939
-0.0023	2.94
-0.0008	2.941
0.003	2.942
0.003	2.943
0.0007	2.944
0.0007	2.945
0.0007	2.946
-0.0015	2.947
-0.0015	2.948
-0.0046	2.949
-0.003	2.95
0.0	2.951
0.0007	2.952
0.0	2.953
-0.003	2.954
-0.0015	2.955
0.0015	2.956
0.0037	2.957
-0.0015	2.958
-0.0091	2.959
-0.0143	2.96
-0.0128	2.961
-0.003	2.962
-0.0015	2.963
0.0015	2.964
0.0067	2.965
0.0105	2.966
0.0112	2.967
0.0097	2.968
0.0105	2.969
0.0105	2.97
0.0067	2.971
0.003	2.972
-0.0008	2.973
-0.0046	2.974
-0.003	2.975
-0.0015	2.976
-0.0046	2.977
-0.0038	2.978
-0.0015	2.979
-0.0023	2.98
-0.0015	2.981
-0.0015	2.982
0.0007	2.983
0.0015	2.984
0.0015	2.985
0.0015	2.986
-0.0015	2.987
-0.003	2.988
0.0007	2.989
0.0052	2.99
0.006	2.991
0.0045	2.992
0.0037	2.993
0.0037	2.994
0.0007	2.995
-0.0038	2.996
-0.0008	2.997
0.0007	2.998
-0.0015	2.999
-0.003	3.0
-0.0053	3.001
-0.0083	3.002
-0.012	3.003
-0.0135	3.004
-0.0105	3.005
-0.0038	3.006
0.0067	3.007
0.0067	3.008
0.0022	3.009
0.0037	3.01
0.009	3.011
0.0127	3.012
0.0135	3.013
0.0105	3.014
0.006	3.015
0.0045	3.016
0.0007	3.017
0.0	3.018
-0.0008	3.019
-0.003	3.02
-0.0015	3.021
0.0	3.022
-0.0015	3.023
-0.0068	3.024
-0.0083	3.025
-0.0075	3.026
-0.0083	3.027
-0.0068	3.028
-0.0038	3.029
-0.0015	3.03
-0.0008	3.031
-0.0008	3.032
-0.0008	3.033
0.003	3.034
0.006	3.035
0.0037	3.036
0.0037	3.037
0.0015	3.038
-0.003	3.039
-0.0083	3.04
-0.0135	3.041
-0.0135	3.042
-0.0143	3.043
-0.012	3.044
-0.0083	3.045
-0.0038	3.046
0.0037	3.047
0.0112	3.048
0.0217	3.049
0.0255	3.05
0.0292	3.051
0.0285	3.052
0.0225	3.053
0.0142	3.054
0.0045	3.055
0.0	3.056
-0.0015	3.057
-0.0046	3.058
-0.0068	3.059
-0.0083	3.06
-0.0105	3.061
-0.0083	3.062
-0.0083	3.063
-0.0075	3.064
-0.0053	3.065
-0.006	3.066
0.0	3.067
0.0052	3.068
0.0082	3.069
0.006	3.07
-0.0046	3.071
-0.0128	3.072
-0.015	3.073
-0.0143	3.074
-0.0105	3.075
-0.003	3.076
0.0015	3.077
0.0	3.078
-0.0008	3.079
-0.0008	3.08
0.0022	3.081
0.0045	3.082
0.0067	3.083
0.0097	3.084
0.0105	3.085
0.0082	3.086
0.0052	3.087
0.0037	3.088
0.0	3.089
-0.0046	3.09
-0.0083	3.091
-0.0068	3.092
-0.0068	3.093
-0.0053	3.094
-0.0023	3.095
-0.0015	3.096
0.003	3.097
0.0022	3.098
0.0045	3.099
0.006	3.1
0.0067	3.101
0.0045	3.102
0.0	3.103
-0.0053	3.104
-0.012	3.105
-0.015	3.106
-0.0143	3.107
-0.0098	3.108
-0.003	3.109
0.0	3.11
0.0037	3.111
0.0067	3.112
0.0112	3.113
0.018	3.114
0.0172	3.115
0.0015	3.116
-0.015	3.117
-0.021	3.118
-0.0105	3.119
0.0045	3.12
0.0202	3.121
0.0345	3.122
0.0337	3.123
0.027	3.124
0.0195	3.125
0.0135	3.126
0.0082	3.127
0.0007	3.128
-0.003	3.129
-0.003	3.13
-0.0023	3.131
-0.0038	3.132
-0.0091	3.133
-0.012	3.134
-0.0143	3.135
-0.0195	3.136
-0.0195	3.137
-0.0158	3.138
-0.0113	3.139
-0.003	3.14
-0.0015	3.141
-0.0038	3.142
-0.006	3.143
-0.0098	3.144
-0.0068	3.145
-0.0038	3.146
-0.0015	3.147
0.0007	3.148
-0.0038	3.149
-0.0046	3.15
-0.0038	3.151
-0.0038	3.152
-0.0083	3.153
-0.006	3.154
0.003	3.155
0.0082	3.156
0.0127	3.157
0.0165	3.158
0.018	3.159
0.018	3.16
0.0105	3.161
0.0045	3.162
-0.0046	3.163
-0.006	3.164
-0.0053	3.165
-0.0083	3.166
-0.0053	3.167
-0.0046	3.168
-0.0015	3.169
0.0045	3.17
0.0067	3.171
0.0082	3.172
0.006	3.173
0.0045	3.174
0.0082	3.175
0.012	3.176
0.0157	3.177
0.0075	3.178
-0.0046	3.179
-0.0091	3.18
-0.0083	3.181
-0.0053	3.182
-0.0038	3.183
-0.0015	3.184
-0.003	3.185
-0.0046	3.186
-0.0075	3.187
-0.0083	3.188
-0.0091	3.189
-0.0098	3.19
-0.0083	3.191
-0.0098	3.192
-0.0091	3.193
-0.0083	3.194
-0.0083	3.195
-0.0091	3.196
-0.0083	3.197
-0.0068	3.198
-0.0023	3.199
0.009	3.2
0.0217	3.201
0.0285	3.202
0.0277	3.203
0.0165	3.204
0.0052	3.205
-0.003	3.206
-0.0053	3.207
-0.0038	3.208
0.0007	3.209
0.0015	3.21
-0.0008	3.211
0.0	3.212
-0.0038	3.213
-0.0091	3.214
-0.0068	3.215
-0.0053	3.216
-0.0038	3.217
-0.003	3.218
-0.0038	3.219
0.0075	3.22
0.0255	3.221
0.033	3.222
0.0262	3.223
0.0127	3.224
-0.003	3.225
-0.0113	3.226
-0.012	3.227
-0.0083	3.228
-0.0083	3.229
-0.0181	3.23
-0.021	3.231
-0.0181	3.232
-0.012	3.233
0.003	3.234
0.0172	3.235
0.0202	3.236
0.018	3.237
0.012	3.238
0.0045	3.239
0.0022	3.24
-0.0008	3.241
0.0007	3.242
0.0	3.243
0.0015	3.244
0.003	3.245
0.0007	3.246
0.0045	3.247
0.0052	3.248
-0.0008	3.249
0.0015	3.25
0.0015	3.251
-0.0075	3.252
-0.0113	3.253
-0.0105	3.254
-0.0098	3.255
-0.0128	3.256
-0.0173	3.257
-0.0195	3.258
-0.0158	3.259
-0.0083	3.26
-0.0046	3.261
0.0015	3.262
0.0142	3.263
0.0187	3.264
0.0127	3.265
0.0097	3.266
0.0052	3.267
0.003	3.268
0.003	3.269
0.003	3.27
0.0082	3.271
0.0037	3.272
-0.0008	3.273
-0.0008	3.274
0.0022	3.275
0.0067	3.276
0.0082	3.277
0.012	3.278
0.0112	3.279
0.0075	3.28
0.0045	3.281
0.0	3.282
-0.003	3.283
-0.0053	3.284
-0.006	3.285
-0.0075	3.286
-0.0038	3.287
0.0015	3.288
-0.0015	3.289
-0.0053	3.29
-0.0068	3.291
-0.0091	3.292
-0.0098	3.293
-0.012	3.294
-0.0113	3.295
-0.0075	3.296
-0.006	3.297
-0.0038	3.298
-0.0008	3.299
0.0015	3.3
0.0015	3.301
0.003	3.302
0.0052	3.303
0.0067	3.304
0.0075	3.305
0.0015	3.306
-0.0015	3.307
-0.0046	3.308
-0.0075	3.309
-0.0046	3.31
0.0	3.311
0.003	3.312
0.0007	3.313
0.0022	3.314
0.0067	3.315
0.0082	3.316
0.0075	3.317
0.0022	3.318
0.0007	3.319
0.0067	3.32
0.0052	3.321
0.0015	3.322
0.0015	3.323
0.0007	3.324
-0.0046	3.325
-0.0053	3.326
-0.0046	3.327
-0.0038	3.328
-0.0015	3.329
-0.003	3.33
-0.0015	3.331
0.0075	3.332
0.0112	3.333
0.0082	3.334
0.0067	3.335
0.0022	3.336
-0.003	3.337
-0.0053	3.338
-0.0053	3.339
-0.0015	3.34
-0.0023	3.341
-0.0083	3.342
-0.012	3.343
-0.0098	3.344
-0.0083	3.345
-0.0053	3.346
-0.0015	3.347
0.0097	3.348
0.0232	3.349
0.0232	3.35
0.0292	3.351
0.0232	3.352
0.0052	3.353
-0.0083	3.354
-0.0188	3.355
-0.0181	3.356
-0.0105	3.357
0.0157	3.358
0.0322	3.359
0.0172	3.36
0.0015	3.361
-0.0098	3.362
-0.0135	3.363
-0.0113	3.364
-0.0083	3.365
-0.0008	3.366
-0.0015	3.367
-0.0015	3.368
-0.0038	3.369
-0.0098	3.37
-0.0075	3.371
-0.0083	3.372
-0.0075	3.373
-0.0083	3.374
-0.0105	3.375
-0.0083	3.376
-0.0068	3.377
-0.0046	3.378
-0.0015	3.379
0.0015	3.38
0.0037	3.381
0.0052	3.382
0.0112	3.383
0.0112	3.384
0.0045	3.385
0.003	3.386
0.0052	3.387
0.0067	3.388
0.0007	3.389
-0.003	3.39
-0.0023	3.391
-0.0053	3.392
-0.0053	3.393
-0.003	3.394
0.0022	3.395
0.003	3.396
0.003	3.397
0.0052	3.398
0.0082	3.399
0.009	3.4
0.0075	3.401
-0.0008	3.402
-0.0053	3.403
-0.0046	3.404
-0.0083	3.405
-0.0105	3.406
-0.0075	3.407
-0.003	3.408
0.0007	3.409
0.0067	3.41
0.0082	3.411
0.0045	3.412
-0.0023	3.413
-0.0046	3.414
0.0067	3.415
0.0157	3.416
0.0097	3.417
0.003	3.418
-0.003	3.419
-0.0053	3.42
-0.0046	3.421
-0.0015	3.422
0.0022	3.423
-0.003	3.424
-0.0008	3.425
-0.0023	3.426
-0.0015	3.427
0.003	3.428
0.0007	3.429
-0.003	3.43
-0.0068	3.431
-0.0091	3.432
-0.0098	3.433
-0.003	3.434
0.0082	3.435
0.0112	3.436
0.0015	3.437
-0.0113	3.438
-0.0143	3.439
-0.0158	3.44
-0.0105	3.441
-0.0008	3.442
0.006	3.443
0.006	3.444
0.0007	3.445
0.0007	3.446
0.0082	3.447
0.021	3.448
0.024	3.449
0.018	3.45
0.0142	3.451
0.0157	3.452
0.012	3.453
-0.0083	3.454
-0.0158	3.455
-0.0105	3.456
-0.0075	3.457
0.0	3.458
0.0052	3.459
0.0157	3.46
0.0172	3.461
0.012	3.462
0.0037	3.463
-0.0008	3.464
-0.0023	3.465
-0.012	3.466
-0.015	3.467
-0.021	3.468
-0.0195	3.469
-0.012	3.47
-0.0083	3.471
-0.0053	3.472
-0.006	3.473
-0.003	3.474
-0.003	3.475
-0.0068	3.476
-0.0053	3.477
0.0	3.478
-0.0046	3.479
-0.0158	3.48
-0.0165	3.481
-0.0098	3.482
-0.003	3.483
0.003	3.484
0.0195	3.485
0.0382	3.486
0.0337	3.487
0.009	3.488
-0.006	3.489
-0.006	3.49
-0.012	3.491
-0.0098	3.492
-0.0053	3.493
-0.006	3.494
0.0	3.495
0.0105	3.496
0.018	3.497
0.0127	3.498
0.0097	3.499
0.0045	3.5
-0.0015	3.501
-0.0008	3.502
-0.003	3.503
-0.006	3.504
-0.0068	3.505
0.003	3.506
0.0165	3.507
0.0225	3.508
0.0127	3.509
0.0022	3.51
0.003	3.511
-0.003	3.512
-0.0083	3.513
-0.0091	3.514
-0.0105	3.515
-0.012	3.516
-0.0091	3.517
-0.003	3.518
0.0052	3.519
0.0105	3.52
0.015	3.521
0.0247	3.522
0.0202	3.523
0.0082	3.524
0.0075	3.525
0.012	3.526
0.0067	3.527
-0.0105	3.528
-0.0225	3.529
-0.0293	3.53
-0.0308	3.531
-0.0256	3.532
-0.021	3.533
-0.0091	3.534
0.0022	3.535
0.0022	3.536
-0.0083	3.537
-0.0135	3.538
-0.012	3.539
-0.0068	3.54
0.0007	3.541
0.003	3.542
0.0015	3.543
-0.0113	3.544
-0.0165	3.545
-0.0135	3.546
-0.0105	3.547
-0.0068	3.548
0.0075	3.549
0.0247	3.55
0.0292	3.551
0.0375	3.552
0.042	3.553
0.0202	3.554
0.0045	3.555
0.006	3.556
0.0022	3.557
0.0082	3.558
0.009	3.559
0.0045	3.56
-0.0023	3.561
-0.0091	3.562
-0.0083	3.563
-0.0091	3.564
-0.0068	3.565
0.0022	3.566
0.0082	3.567
0.0067	3.568
0.0022	3.569
-0.006	3.57
-0.0128	3.571
-0.0181	3.572
-0.024	3.573
-0.0278	3.574
-0.03	3.575
-0.027	3.576
-0.0091	3.577
0.015	3.578
0.0315	3.579
0.0442	3.58
0.054	3.581
0.045	3.582
0.0232	3.583
0.0052	3.584
-0.0068	3.585
-0.0098	3.586
-0.015	3.587
-0.0158	3.588
-0.0158	3.589
-0.015	3.59
-0.0113	3.591
-0.0105	3.592
-0.0091	3.593
-0.0105	3.594
-0.0105	3.595
-0.0038	3.596
0.0	3.597
-0.0008	3.598
-0.003	3.599
-0.0053	3.6
-0.0083	3.601
-0.0098	3.602
-0.0075	3.603
-0.003	3.604
0.003	3.605
0.0097	3.606
0.0142	3.607
0.015	3.608
0.0112	3.609
0.0105	3.61
0.0082	3.611
0.0067	3.612
0.0007	3.613
-0.0023	3.614
0.0037	3.615
0.0067	3.616
-0.0015	3.617
-0.0091	3.618
-0.0083	3.619
-0.0068	3.62
0.0082	3.621
0.0232	3.622
0.027	3.623
0.0142	3.624
0.0075	3.625
0.0067	3.626
0.003	3.627
0.0015	3.628
-0.0091	3.629
-0.0165	3.63
-0.0165	3.631
-0.015	3.632
-0.012	3.633
-0.0091	3.634
-0.0105	3.635
-0.0105	3.636
-0.0068	3.637
0.0015	3.638
0.0097	3.639
0.0142	3.64
0.0157	3.641
0.006	3.642
-0.0015	3.643
-0.006	3.644
-0.0203	3.645
-0.0248	3.646
-0.0293	3.647
-0.0293	3.648
-0.012	3.649
0.0052	3.65
0.0172	3.651
0.0232	3.652
0.027	3.653
0.03	3.654
0.0292	3.655
0.0165	3.656
-0.0023	3.657
-0.0143	3.658
-0.0135	3.659
-0.0128	3.66
-0.0083	3.661
0.0045	3.662
0.0075	3.663
0.0082	3.664
0.0075	3.665
0.0045	3.666
0.0157	3.667
0.0217	3.668
-0.0015	3.669
-0.0218	3.67
-0.0256	3.671
-0.0218	3.672
-0.0083	3.673
0.0075	3.674
0.0165	3.675
0.012	3.676
0.0112	3.677
0.0135	3.678
0.0142	3.679
0.0105	3.68
-0.0008	3.681
-0.0098	3.682
-0.0181	3.683
-0.0165	3.684
-0.0188	3.685
-0.0158	3.686
-0.0105	3.687
-0.0165	3.688
-0.0091	3.689
0.0007	3.69
0.0172	3.691
0.0345	3.692
0.0367	3.693
0.0262	3.694
0.0015	3.695
-0.0083	3.696
0.0097	3.697
0.0232	3.698
0.0232	3.699
0.018	3.7
-0.0015	3.701
-0.027	3.702
-0.039	3.703
-0.0368	3.704
-0.0375	3.705
-0.0383	3.706
-0.0361	3.707
-0.0308	3.708
-0.0105	3.709
0.009	3.71
0.0202	3.711
0.0157	3.712
0.0015	3.713
-0.0023	3.714
0.0067	3.715
0.0165	3.716
0.0157	3.717
0.0112	3.718
0.0067	3.719
-0.0015	3.72
-0.0105	3.721
-0.0165	3.722
-0.0195	3.723
-0.0195	3.724
-0.0165	3.725
-0.015	3.726
-0.012	3.727
-0.0053	3.728
0.003	3.729
0.0127	3.73
0.0105	3.731
0.0195	3.732
0.0427	3.733
0.0495	3.734
0.0427	3.735
0.0232	3.736
0.0135	3.737
0.009	3.738
0.003	3.739
0.009	3.74
0.0097	3.741
0.0127	3.742
0.009	3.743
0.0022	3.744
-0.0015	3.745
-0.0068	3.746
-0.0098	3.747
-0.0098	3.748
-0.0068	3.749
-0.0068	3.75
-0.0038	3.751
0.0007	3.752
0.015	3.753
0.0172	3.754
-0.0008	3.755
-0.012	3.756
-0.0181	3.757
-0.024	3.758
-0.0278	3.759
-0.0256	3.76
-0.0195	3.761
-0.012	3.762
0.0045	3.763
0.0157	3.764
0.0105	3.765
-0.0023	3.766
-0.0075	3.767
-0.0053	3.768
-0.0015	3.769
-0.0008	3.77
0.003	3.771
0.0037	3.772
0.0015	3.773
-0.003	3.774
-0.0195	3.775
-0.024	3.776
-0.0098	3.777
0.0097	3.778
0.0202	3.779
0.021	3.78
0.024	3.781
0.021	3.782
0.0202	3.783
0.0105	3.784
0.003	3.785
0.0075	3.786
0.0067	3.787
0.006	3.788
0.003	3.789
0.0007	3.79
0.003	3.791
0.0052	3.792
0.0082	3.793
0.0015	3.794
-0.0083	3.795
-0.0181	3.796
-0.0285	3.797
-0.03	3.798
-0.0263	3.799
-0.0158	3.8
0.0022	3.801
0.0105	3.802
0.006	3.803
-0.0015	3.804
-0.0135	3.805
-0.0233	3.806
-0.0195	3.807
-0.012	3.808
-0.0128	3.809
-0.0181	3.81
-0.0128	3.811
-0.0105	3.812
-0.006	3.813
0.009	3.814
0.0255	3.815
0.03	3.816
0.0345	3.817
0.042	3.818
0.0292	3.819
0.0082	3.82
-0.0128	3.821
-0.0256	3.822
-0.0315	3.823
-0.0233	3.824
-0.006	3.825
-0.0015	3.826
0.0045	3.827
0.009	3.828
0.0165	3.829
0.0172	3.83
0.018	3.831
0.0247	3.832
0.024	3.833
0.0225	3.834
0.0142	3.835
0.0067	3.836
0.012	3.837
0.0165	3.838
0.0105	3.839
0.0015	3.84
-0.0068	3.841
-0.0181	3.842
-0.0308	3.843
-0.0353	3.844
-0.0346	3.845
-0.0323	3.846
-0.0233	3.847
-0.0105	3.848
-0.0046	3.849
0.0	3.85
0.0045	3.851
0.003	3.852
0.0127	3.853
0.0202	3.854
0.0217	3.855
0.0135	3.856
-0.003	3.857
-0.0053	3.858
-0.0053	3.859
-0.003	3.86
0.009	3.861
0.0202	3.862
0.0165	3.863
0.018	3.864
0.0255	3.865
0.0127	3.866
0.0022	3.867
-0.003	3.868
-0.0038	3.869
-0.0046	3.87
-0.0053	3.871
-0.0046	3.872
-0.0053	3.873
0.006	3.874
0.0127	3.875
0.0052	3.876
-0.0008	3.877
-0.0015	3.878
-0.003	3.879
-0.0091	3.88
-0.012	3.881
-0.006	3.882
-0.0046	3.883
-0.0098	3.884
-0.0278	3.885
-0.039	3.886
-0.0285	3.887
-0.0165	3.888
-0.003	3.889
-0.0023	3.89
-0.0091	3.891
-0.0015	3.892
0.0082	3.893
0.0202	3.894
0.0142	3.895
0.0067	3.896
0.012	3.897
0.0157	3.898
0.0217	3.899
0.0307	3.9
0.03	3.901
0.0067	3.902
0.0015	3.903
-0.003	3.904
-0.0188	3.905
-0.0203	3.906
-0.0195	3.907
-0.0143	3.908
-0.0083	3.909
-0.0046	3.91
-0.0008	3.911
0.009	3.912
0.0067	3.913
-0.0128	3.914
-0.0188	3.915
-0.0203	3.916
-0.0443	3.917
-0.039	3.918
0.0082	3.919
0.0307	3.92
0.0412	3.921
0.0397	3.922
0.0217	3.923
0.0075	3.924
-0.0128	3.925
-0.0323	3.926
-0.0405	3.927
-0.0248	3.928
-0.015	3.929
-0.0053	3.93
0.012	3.931
0.0165	3.932
0.0157	3.933
0.0127	3.934
0.0142	3.935
0.0142	3.936
0.0292	3.937
0.0457	3.938
0.0517	3.939
0.057	3.94
0.0502	3.941
0.0195	3.942
-0.0015	3.943
-0.0105	3.944
-0.0181	3.945
-0.0225	3.946
-0.0278	3.947
-0.0195	3.948
-0.021	3.949
-0.021	3.95
-0.0368	3.951
-0.0645	3.952
-0.0578	3.953
-0.0443	3.954
-0.0203	3.955
0.0105	3.956
0.0247	3.957
0.0352	3.958
0.0352	3.959
0.039	3.96
0.0367	3.961
0.0157	3.962
0.0105	3.963
0.0105	3.964
0.009	3.965
0.009	3.966
0.0022	3.967
-0.0053	3.968
-0.0083	3.969
-0.003	3.97
-0.0015	3.971
-0.006	3.972
-0.0105	3.973
-0.0113	3.974
-0.0046	3.975
-0.0015	3.976
0.0	3.977
0.009	3.978
0.0045	3.979
-0.003	3.98
-0.0083	3.981
-0.0068	3.982
0.003	3.983
-0.0046	3.984
-0.0091	3.985
-0.0128	3.986
-0.0083	3.987
0.006	3.988
0.0	3.989
-0.0008	3.99
-0.0023	3.991
-0.003	3.992
-0.003	3.993
-0.0091	3.994
-0.0068	3.995
-0.0091	3.996
-0.0068	3.997
0.0052	3.998
0.0195	3.999
0.0232	4.0
0.0082	4.001
-0.0068	4.002
-0.0091	4.003
-0.0053	4.004
0.0045	4.005
0.015	4.006
0.0172	4.007
0.0105	4.008
0.0037	4.009
-0.0068	4.01
-0.0158	4.011
-0.0225	4.012
-0.0263	4.013
-0.0195	4.014
-0.0165	4.015
-0.0113	4.016
-0.0105	4.017
-0.003	4.018
0.0142	4.019
0.0277	4.02
0.0307	4.021
0.0075	4.022
0.0015	4.023
0.0075	4.024
0.0052	4.025
0.0015	4.026
-0.0015	4.027
-0.0023	4.028
-0.021	4.029
-0.0256	4.03
-0.0023	4.031
0.0112	4.032
0.0202	4.033
0.0277	4.034
0.018	4.035
0.015	4.036
0.0082	4.037
-0.006	4.038
-0.039	4.039
-0.0758	4.04
-0.0578	4.041
-0.0165	4.042
0.024	4.043
0.06	4.044
0.0442	4.045
0.027	4.046
0.0165	4.047
0.0105	4.048
0.0142	4.049
0.0322	4.05
0.0555	4.051
0.0427	4.052
0.036	4.053
0.0232	4.054
0.0045	4.055
-0.0068	4.056
-0.0218	4.057
-0.0225	4.058
-0.0233	4.059
-0.0218	4.06
-0.0195	4.061
-0.0165	4.062
-0.0091	4.063
-0.0098	4.064
-0.012	4.065
-0.0195	4.066
-0.0361	4.067
-0.0503	4.068
-0.0398	4.069
-0.0263	4.07
-0.0346	4.071
-0.0278	4.072
-0.012	4.073
0.0022	4.074
0.0255	4.075
0.0412	4.076
0.0457	4.077
0.0375	4.078
0.0307	4.079
0.024	4.08
0.0142	4.081
0.0052	4.082
0.0045	4.083
0.0217	4.084
0.0157	4.085
-0.0038	4.086
-0.0098	4.087
-0.0173	4.088
-0.0248	4.089
-0.0256	4.09
-0.0233	4.091
-0.0256	4.092
-0.0181	4.093
0.0015	4.094
0.0127	4.095
0.0052	4.096
0.0007	4.097
0.0075	4.098
0.018	4.099
0.0157	4.1
0.0022	4.101
-0.012	4.102
-0.0113	4.103
0.003	4.104
0.0045	4.105
-0.006	4.106
-0.0285	4.107
-0.0315	4.108
-0.0173	4.109
-0.0046	4.11
0.0202	4.111
0.0405	4.112
0.0352	4.113
0.018	4.114
0.0127	4.115
0.0097	4.116
0.0052	4.117
-0.012	4.118
-0.0248	4.119
-0.0248	4.12
-0.0195	4.121
-0.012	4.122
-0.0091	4.123
0.0007	4.124
0.0007	4.125
-0.0068	4.126
0.0007	4.127
0.0202	4.128
0.0315	4.129
0.0315	4.13
0.0315	4.131
0.0382	4.132
0.0307	4.133
0.012	4.134
0.0037	4.135
-0.0046	4.136
-0.0105	4.137
-0.0181	4.138
-0.0233	4.139
-0.006	4.14
0.0157	4.141
0.0157	4.142
0.003	4.143
-0.0098	4.144
-0.0023	4.145
0.0172	4.146
0.0015	4.147
-0.0181	4.148
-0.0315	4.149
-0.039	4.15
-0.0346	4.151
-0.033	4.152
-0.0256	4.153
-0.015	4.154
0.0127	4.155
0.0195	4.156
-0.0346	4.157
-0.063	4.158
-0.057	4.159
-0.0653	4.16
-0.0323	4.161
0.03	4.162
0.069	4.163
0.0967	4.164
0.0937	4.165
0.0577	4.166
0.027	4.167
-0.0015	4.168
-0.0181	4.169
0.006	4.17
0.0397	4.171
0.033	4.172
-0.0015	4.173
-0.012	4.174
-0.0105	4.175
-0.015	4.176
-0.0173	4.177
-0.0075	4.178
0.018	4.179
0.0345	4.18
0.0277	4.181
0.0142	4.182
0.0015	4.183
-0.0135	4.184
-0.024	4.185
-0.0233	4.186
-0.0188	4.187
-0.024	4.188
-0.0308	4.189
-0.0308	4.19
-0.0218	4.191
-0.0068	4.192
0.0097	4.193
0.03	4.194
0.0345	4.195
0.024	4.196
0.0105	4.197
-0.006	4.198
-0.012	4.199
-0.003	4.2
0.0052	4.201
0.0135	4.202
0.024	4.203
0.012	4.204
-0.024	4.205
-0.0465	4.206
-0.0488	4.207
-0.039	4.208
-0.024	4.209
-0.0075	4.21
0.003	4.211
0.0135	4.212
0.0232	4.213
0.024	4.214
0.021	4.215
0.0255	4.216
0.0277	4.217
0.0232	4.218
0.012	4.219
0.0105	4.22
0.0225	4.221
0.009	4.222
-0.0135	4.223
-0.0256	4.224
-0.0398	4.225
-0.0353	4.226
-0.0233	4.227
-0.0203	4.228
-0.0128	4.229
-0.0008	4.23
0.0157	4.231
0.0247	4.232
0.0127	4.233
0.003	4.234
0.0067	4.235
0.0105	4.236
0.0105	4.237
0.0135	4.238
0.0157	4.239
0.0142	4.24
0.018	4.241
0.0067	4.242
-0.0023	4.243
-0.0015	4.244
-0.0098	4.245
-0.0338	4.246
-0.063	4.247
-0.0608	4.248
-0.0443	4.249
-0.0323	4.25
-0.0091	4.251
0.0052	4.252
0.015	4.253
0.018	4.254
0.018	4.255
0.027	4.256
0.0375	4.257
0.0465	4.258
0.03	4.259
-0.0046	4.26
-0.0346	4.261
-0.054	4.262
-0.0383	4.263
-0.0188	4.264
0.0075	4.265
0.0457	4.266
0.0555	4.267
0.0502	4.268
0.0412	4.269
0.0262	4.27
0.021	4.271
0.036	4.272
0.0532	4.273
0.042	4.274
0.0142	4.275
-0.0038	4.276
-0.021	4.277
-0.033	4.278
-0.0315	4.279
-0.0263	4.28
-0.024	4.281
-0.0383	4.282
-0.0638	4.283
-0.063	4.284
-0.0503	4.285
-0.0278	4.286
0.006	4.287
0.0195	4.288
0.0217	4.289
0.0067	4.29
-0.0195	4.291
-0.027	4.292
-0.0128	4.293
-0.0046	4.294
-0.0173	4.295
-0.0091	4.296
0.0315	4.297
0.0465	4.298
0.0592	4.299
0.066	4.3
0.042	4.301
0.0015	4.302
-0.0346	4.303
-0.0128	4.304
0.009	4.305
0.0052	4.306
0.0082	4.307
0.0037	4.308
-0.0091	4.309
-0.0233	4.31
