Vastus medialis (mV)	Time (ms)
-0.006	0.001
-0.0015	0.002
0.0082	0.003
0.0112	0.004
0.0135	0.005
0.0142	0.006
0.0082	0.007
0.0082	0.008
0.006	0.009
0.0015	0.01
-0.0008	0.011
-0.003	0.012
-0.0015	0.013
-0.003	0.014
-0.0038	0.015
-0.0015	0.016
0.0037	0.017
0.0045	0.018
0.0045	0.019
0.0045	0.02
0.0022	0.021
0.0015	0.022
0.0015	0.023
0.0007	0.024
0.0007	0.025
0.0082	0.026
0.0112	0.027
0.0142	0.028
0.012	0.029
-0.0008	0.03
-0.0046	0.031
-0.0068	0.032
-0.0165	0.033
-0.033	0.034
-0.0443	0.035
-0.0346	0.036
-0.012	0.037
-0.003	0.038
0.0045	0.039
0.015	0.04
0.0142	0.041
0.0142	0.042
0.0127	0.043
0.012	0.044
0.0075	0.045
0.0045	0.046
0.0037	0.047
0.0045	0.048
0.0067	0.049
0.0045	0.05
0.0142	0.051
0.0202	0.052
0.0232	0.053
0.0217	0.054
0.0052	0.055
-0.0158	0.056
-0.0368	0.057
-0.042	0.058
-0.0256	0.059
-0.0105	0.06
-0.0091	0.061
-0.0091	0.062
-0.003	0.063
0.003	0.064
0.0067	0.065
0.0127	0.066
0.0105	0.067
0.0067	0.068
0.006	0.069
0.0052	0.07
0.0037	0.071
0.0	0.072
-0.003	0.073
-0.0091	0.074
-0.0195	0.075
-0.0203	0.076
-0.0075	0.077
0.003	0.078
0.003	0.079
0.0015	0.08
0.0007	0.081
-0.0008	0.082
-0.0008	0.083
0.0015	0.084
0.003	0.085
0.0037	0.086
0.0045	0.087
0.0037	0.088
0.0022	0.089
0.0	0.09
0.0007	0.091
0.0015	0.092
0.0007	0.093
0.0007	0.094
0.0007	0.095
0.0007	0.096
-0.0008	0.097
-0.0008	0.098
0.0007	0.099
-0.0008	0.1
0.0	0.101
0.0007	0.102
0.0	0.103
0.0007	0.104
0.0022	0.105
0.0045	0.106
0.003	0.107
0.0007	0.108
0.0007	0.109
-0.0023	0.11
-0.0008	0.111
0.0022	0.112
0.0037	0.113
0.0037	0.114
-0.0015	0.115
-0.006	0.116
-0.0068	0.117
-0.0015	0.118
0.0022	0.119
0.009	0.12
0.0135	0.121
0.012	0.122
0.0127	0.123
0.0127	0.124
0.0195	0.125
0.0157	0.126
0.0	0.127
-0.0218	0.128
-0.042	0.129
-0.0405	0.13
-0.0248	0.131
-0.0233	0.132
-0.03	0.133
-0.0256	0.134
-0.012	0.135
0.0142	0.136
0.024	0.137
0.0202	0.138
0.0195	0.139
0.0105	0.14
0.0142	0.141
0.0165	0.142
0.0202	0.143
0.0217	0.144
0.0127	0.145
0.0105	0.146
0.012	0.147
0.0135	0.148
0.009	0.149
-0.0091	0.15
-0.0248	0.151
-0.0315	0.152
-0.0383	0.153
-0.0308	0.154
-0.0046	0.155
0.0037	0.156
-0.0008	0.157
-0.0075	0.158
-0.0218	0.159
-0.0218	0.16
-0.0143	0.161
0.0015	0.162
0.0105	0.163
0.0112	0.164
0.0127	0.165
0.0172	0.166
0.027	0.167
0.0292	0.168
0.018	0.169
0.0052	0.17
0.003	0.171
0.0007	0.172
-0.0038	0.173
-0.0083	0.174
-0.0038	0.175
0.003	0.176
0.0007	0.177
0.0015	0.178
0.0045	0.179
0.0045	0.18
0.0045	0.181
0.003	0.182
0.0015	0.183
0.0015	0.184
0.0	0.185
-0.0008	0.186
-0.0008	0.187
0.0007	0.188
0.0037	0.189
0.0015	0.19
-0.003	0.191
-0.003	0.192
0.0037	0.193
0.0052	0.194
0.0022	0.195
0.0007	0.196
-0.0015	0.197
-0.003	0.198
-0.0046	0.199
-0.003	0.2
-0.0008	0.201
-0.003	0.202
-0.0046	0.203
-0.006	0.204
-0.0068	0.205
-0.0053	0.206
-0.0023	0.207
-0.003	0.208
-0.0046	0.209
-0.0038	0.21
0.0007	0.211
0.0082	0.212
0.0127	0.213
0.012	0.214
0.0007	0.215
-0.0143	0.216
-0.0181	0.217
-0.0203	0.218
-0.0233	0.219
-0.0278	0.22
-0.0293	0.221
-0.0173	0.222
-0.003	0.223
0.0015	0.224
0.0015	0.225
0.0075	0.226
0.009	0.227
0.0067	0.228
0.006	0.229
0.0045	0.23
0.0052	0.231
0.006	0.232
0.0127	0.233
0.012	0.234
0.003	0.235
0.0015	0.236
0.0052	0.237
-0.0008	0.238
-0.012	0.239
-0.0233	0.24
-0.0128	0.241
0.0142	0.242
0.0255	0.243
0.027	0.244
0.0135	0.245
0.0075	0.246
0.0075	0.247
-0.0023	0.248
-0.0023	0.249
-0.0015	0.25
-0.0008	0.251
0.0015	0.252
0.003	0.253
0.0037	0.254
-0.0008	0.255
-0.0046	0.256
-0.0046	0.257
-0.0015	0.258
-0.006	0.259
-0.0053	0.26
0.0007	0.261
0.009	0.262
0.0217	0.263
0.021	0.264
0.0187	0.265
0.021	0.266
0.0262	0.267
0.0277	0.268
0.012	0.269
-0.003	0.27
-0.0293	0.271
-0.063	0.272
-0.0675	0.273
-0.0383	0.274
-0.0256	0.275
-0.0443	0.276
-0.048	0.277
-0.0323	0.278
-0.0053	0.279
0.0037	0.28
0.0127	0.281
0.024	0.282
0.0195	0.283
0.0217	0.284
0.018	0.285
0.018	0.286
0.0165	0.287
0.0165	0.288
0.015	0.289
0.0105	0.29
0.0112	0.291
0.0082	0.292
0.0075	0.293
0.0045	0.294
0.0082	0.295
0.0082	0.296
0.0075	0.297
0.0067	0.298
0.0007	0.299
-0.0015	0.3
-0.003	0.301
-0.003	0.302
-0.0046	0.303
-0.0008	0.304
0.003	0.305
0.0067	0.306
0.0105	0.307
0.0067	0.308
0.0082	0.309
0.0045	0.31
0.0022	0.311
-0.0008	0.312
-0.0046	0.313
-0.006	0.314
-0.0068	0.315
-0.0046	0.316
-0.0068	0.317
-0.0068	0.318
-0.0053	0.319
-0.0053	0.32
-0.0023	0.321
-0.0015	0.322
-0.0023	0.323
-0.0023	0.324
-0.0023	0.325
-0.0053	0.326
-0.0068	0.327
-0.0068	0.328
-0.0091	0.329
-0.0091	0.33
-0.0091	0.331
-0.0143	0.332
-0.0173	0.333
-0.0083	0.334
0.003	0.335
0.0067	0.336
0.012	0.337
0.012	0.338
0.0127	0.339
0.0142	0.34
0.0112	0.341
0.0022	0.342
-0.0075	0.343
-0.0091	0.344
-0.0143	0.345
-0.0165	0.346
0.003	0.347
0.0277	0.348
0.0292	0.349
0.0232	0.35
0.018	0.351
0.0157	0.352
0.0157	0.353
0.0015	0.354
-0.021	0.355
-0.0555	0.356
-0.075	0.357
-0.0548	0.358
-0.0323	0.359
-0.0203	0.36
-0.012	0.361
0.0007	0.362
0.009	0.363
0.0135	0.364
0.0135	0.365
0.0127	0.366
0.0135	0.367
0.0105	0.368
0.0075	0.369
0.0067	0.37
0.0067	0.371
0.006	0.372
0.009	0.373
0.0105	0.374
0.0112	0.375
0.0127	0.376
0.0135	0.377
0.0112	0.378
0.009	0.379
0.006	0.38
0.0015	0.381
0.0022	0.382
0.0015	0.383
-0.0008	0.384
-0.0015	0.385
-0.0015	0.386
0.0	0.387
0.0	0.388
0.0007	0.389
0.0	0.39
-0.0008	0.391
-0.0008	0.392
-0.0015	0.393
-0.003	0.394
-0.003	0.395
-0.0015	0.396
-0.0008	0.397
0.0	0.398
-0.0008	0.399
-0.0008	0.4
0.0015	0.401
0.0015	0.402
0.003	0.403
0.0075	0.404
0.0075	0.405
0.0052	0.406
0.003	0.407
-0.0008	0.408
-0.0008	0.409
-0.0038	0.41
-0.0053	0.411
-0.0046	0.412
-0.0046	0.413
-0.0105	0.414
-0.0128	0.415
-0.0113	0.416
-0.0091	0.417
-0.003	0.418
0.0022	0.419
0.006	0.42
0.0067	0.421
0.0052	0.422
0.0007	0.423
-0.0023	0.424
-0.0008	0.425
0.0022	0.426
-0.0015	0.427
-0.0046	0.428
-0.0083	0.429
-0.0135	0.43
-0.0105	0.431
-0.0075	0.432
-0.003	0.433
-0.0015	0.434
-0.0068	0.435
-0.0046	0.436
0.0015	0.437
0.0067	0.438
0.0082	0.439
0.0082	0.44
0.0112	0.441
0.0105	0.442
0.0067	0.443
0.0	0.444
-0.0015	0.445
-0.0075	0.446
-0.0165	0.447
-0.0181	0.448
-0.012	0.449
0.0007	0.45
0.0045	0.451
0.003	0.452
0.0052	0.453
0.0052	0.454
0.0015	0.455
0.0015	0.456
0.0007	0.457
0.0015	0.458
0.0037	0.459
0.006	0.46
0.0082	0.461
0.0082	0.462
0.0082	0.463
0.009	0.464
0.0075	0.465
0.0037	0.466
0.0	0.467
-0.0053	0.468
-0.0113	0.469
-0.0158	0.47
-0.0143	0.471
-0.0098	0.472
-0.0053	0.473
-0.0008	0.474
0.003	0.475
0.0067	0.476
0.0112	0.477
0.0082	0.478
0.0075	0.479
0.0067	0.48
0.006	0.481
0.0157	0.482
0.0105	0.483
-0.0053	0.484
-0.0181	0.485
-0.0323	0.486
-0.0405	0.487
-0.0315	0.488
-0.0105	0.489
-0.0008	0.49
0.0045	0.491
0.0037	0.492
0.0045	0.493
0.0082	0.494
0.009	0.495
0.012	0.496
0.0105	0.497
0.0097	0.498
0.0105	0.499
0.0097	0.5
0.009	0.501
0.0105	0.502
0.009	0.503
0.003	0.504
-0.0008	0.505
-0.003	0.506
-0.0038	0.507
0.0015	0.508
0.009	0.509
0.0105	0.51
0.006	0.511
0.0015	0.512
-0.0046	0.513
-0.0098	0.514
-0.0091	0.515
-0.0046	0.516
0.003	0.517
0.0052	0.518
-0.0075	0.519
-0.024	0.52
-0.0143	0.521
0.0067	0.522
0.0097	0.523
0.0067	0.524
0.0045	0.525
0.0015	0.526
-0.0015	0.527
-0.003	0.528
0.0007	0.529
-0.0015	0.53
-0.0015	0.531
-0.0008	0.532
-0.0053	0.533
-0.0068	0.534
-0.0053	0.535
-0.0068	0.536
-0.0075	0.537
-0.0091	0.538
-0.0098	0.539
-0.006	0.54
-0.0046	0.541
-0.0068	0.542
-0.006	0.543
0.0015	0.544
0.0127	0.545
0.021	0.546
0.0232	0.547
0.0195	0.548
0.012	0.549
0.003	0.55
0.0	0.551
-0.0015	0.552
0.0	0.553
0.0037	0.554
0.0015	0.555
0.0007	0.556
-0.0015	0.557
-0.0046	0.558
-0.0046	0.559
-0.0046	0.56
-0.0053	0.561
-0.006	0.562
-0.0068	0.563
-0.0068	0.564
-0.0068	0.565
-0.0098	0.566
-0.0083	0.567
-0.0053	0.568
-0.0023	0.569
0.0022	0.57
0.0052	0.571
0.0052	0.572
0.003	0.573
0.0007	0.574
0.0022	0.575
0.0015	0.576
-0.0023	0.577
-0.003	0.578
-0.0038	0.579
-0.003	0.58
0.003	0.581
0.003	0.582
0.0045	0.583
0.0045	0.584
0.0045	0.585
0.003	0.586
0.003	0.587
0.0037	0.588
0.0015	0.589
0.0007	0.59
-0.0008	0.591
0.0007	0.592
-0.0015	0.593
0.0022	0.594
0.012	0.595
0.0157	0.596
0.0172	0.597
0.012	0.598
0.0112	0.599
0.012	0.6
0.0105	0.601
0.0045	0.602
-0.0083	0.603
-0.027	0.604
-0.0383	0.605
-0.039	0.606
-0.0293	0.607
-0.0128	0.608
-0.006	0.609
-0.0083	0.61
-0.0143	0.611
-0.0135	0.612
-0.0053	0.613
0.0015	0.614
0.0067	0.615
0.0082	0.616
0.0105	0.617
0.0105	0.618
0.0082	0.619
0.0082	0.62
0.009	0.621
0.0052	0.622
0.0	0.623
-0.0015	0.624
0.003	0.625
0.0045	0.626
0.003	0.627
0.006	0.628
0.0037	0.629
0.0015	0.63
0.0007	0.631
-0.0015	0.632
0.0	0.633
0.003	0.634
0.0015	0.635
0.0015	0.636
-0.0015	0.637
-0.0038	0.638
-0.0038	0.639
-0.003	0.64
0.003	0.641
0.0045	0.642
0.003	0.643
0.006	0.644
0.0075	0.645
0.0082	0.646
0.0127	0.647
0.0157	0.648
0.0127	0.649
0.0045	0.65
-0.0083	0.651
-0.0188	0.652
-0.024	0.653
-0.0203	0.654
-0.0143	0.655
-0.0098	0.656
-0.006	0.657
-0.0068	0.658
-0.0083	0.659
-0.0068	0.66
-0.0046	0.661
-0.0015	0.662
0.0022	0.663
0.0105	0.664
0.0142	0.665
0.012	0.666
0.0097	0.667
0.0045	0.668
0.003	0.669
0.0022	0.67
-0.0008	0.671
-0.0008	0.672
0.003	0.673
0.006	0.674
0.0045	0.675
0.0045	0.676
0.0007	0.677
-0.0046	0.678
-0.0068	0.679
-0.0091	0.68
-0.0091	0.681
-0.0053	0.682
0.0045	0.683
0.006	0.684
0.003	0.685
0.0007	0.686
0.0007	0.687
-0.0023	0.688
-0.006	0.689
-0.0038	0.69
-0.0046	0.691
-0.003	0.692
0.0015	0.693
0.0022	0.694
0.0022	0.695
0.0052	0.696
0.009	0.697
0.0135	0.698
0.024	0.699
0.0262	0.7
0.0217	0.701
0.0142	0.702
0.0015	0.703
-0.0113	0.704
-0.027	0.705
-0.0353	0.706
-0.0405	0.707
-0.042	0.708
-0.0398	0.709
-0.0383	0.71
-0.024	0.711
-0.0113	0.712
-0.0053	0.713
0.0082	0.714
0.0157	0.715
0.0172	0.716
0.0187	0.717
0.0157	0.718
0.018	0.719
0.0165	0.72
0.012	0.721
0.0052	0.722
-0.0015	0.723
-0.0015	0.724
-0.0008	0.725
0.003	0.726
0.0037	0.727
-0.0008	0.728
-0.0015	0.729
0.003	0.73
0.0082	0.731
0.012	0.732
0.0165	0.733
0.0195	0.734
0.0187	0.735
0.0127	0.736
0.0067	0.737
0.0015	0.738
-0.0008	0.739
-0.0008	0.74
0.0007	0.741
-0.0015	0.742
-0.0046	0.743
-0.0053	0.744
-0.0053	0.745
-0.0068	0.746
-0.0075	0.747
-0.0091	0.748
-0.0091	0.749
-0.0053	0.75
-0.0008	0.751
0.0037	0.752
0.0052	0.753
0.0052	0.754
0.0052	0.755
0.0022	0.756
0.0007	0.757
-0.0008	0.758
-0.003	0.759
-0.003	0.76
-0.0046	0.761
-0.0046	0.762
-0.0038	0.763
-0.0053	0.764
-0.006	0.765
-0.0053	0.766
-0.0038	0.767
-0.0023	0.768
-0.0008	0.769
-0.0015	0.77
-0.0038	0.771
-0.0023	0.772
-0.0023	0.773
-0.003	0.774
-0.003	0.775
-0.0015	0.776
-0.0015	0.777
-0.003	0.778
-0.0015	0.779
-0.0008	0.78
0.0015	0.781
0.0022	0.782
0.003	0.783
0.0015	0.784
0.0007	0.785
0.0037	0.786
0.0082	0.787
0.0105	0.788
0.012	0.789
0.0112	0.79
0.009	0.791
0.0082	0.792
0.0045	0.793
0.0007	0.794
-0.0053	0.795
-0.0143	0.796
-0.0188	0.797
-0.0225	0.798
-0.0256	0.799
-0.0195	0.8
-0.0143	0.801
-0.0143	0.802
-0.0135	0.803
-0.0068	0.804
0.0052	0.805
0.0195	0.806
0.027	0.807
0.0307	0.808
0.0315	0.809
0.027	0.81
0.0187	0.811
0.009	0.812
0.0045	0.813
-0.0023	0.814
-0.0053	0.815
-0.0068	0.816
-0.0091	0.817
-0.0075	0.818
-0.0083	0.819
-0.0068	0.82
-0.006	0.821
-0.0046	0.822
-0.0046	0.823
-0.0046	0.824
-0.003	0.825
-0.0015	0.826
-0.0008	0.827
-0.003	0.828
-0.0038	0.829
0.0	0.83
-0.0008	0.831
0.0007	0.832
0.0007	0.833
-0.0015	0.834
-0.0023	0.835
-0.006	0.836
-0.0053	0.837
-0.0015	0.838
0.0045	0.839
0.009	0.84
0.0075	0.841
0.012	0.842
0.0157	0.843
0.018	0.844
0.0202	0.845
0.0135	0.846
0.0015	0.847
-0.0158	0.848
-0.0293	0.849
-0.042	0.85
-0.0511	0.851
-0.0488	0.852
-0.0375	0.853
-0.0203	0.854
-0.0023	0.855
0.018	0.856
0.0277	0.857
0.0307	0.858
0.0307	0.859
0.0277	0.86
0.0202	0.861
0.0082	0.862
-0.0008	0.863
-0.003	0.864
-0.0008	0.865
0.0022	0.866
0.0052	0.867
0.0067	0.868
0.003	0.869
0.003	0.87
0.0052	0.871
0.0007	0.872
-0.0008	0.873
-0.003	0.874
-0.0068	0.875
-0.0046	0.876
-0.003	0.877
0.0022	0.878
0.0052	0.879
0.0045	0.88
0.0015	0.881
0.0007	0.882
-0.0015	0.883
-0.0038	0.884
-0.0015	0.885
-0.0015	0.886
0.0015	0.887
0.0045	0.888
0.0052	0.889
0.0052	0.89
0.006	0.891
0.0037	0.892
0.0007	0.893
-0.0008	0.894
-0.0083	0.895
-0.0158	0.896
-0.0181	0.897
-0.0256	0.898
-0.027	0.899
-0.0218	0.9
-0.0135	0.901
-0.0046	0.902
-0.0008	0.903
0.003	0.904
0.0082	0.905
0.0142	0.906
0.0217	0.907
0.024	0.908
0.0292	0.909
0.027	0.91
0.0165	0.911
0.006	0.912
-0.0046	0.913
-0.0091	0.914
-0.0128	0.915
-0.0165	0.916
-0.0181	0.917
-0.0158	0.918
-0.0083	0.919
0.0	0.92
0.0045	0.921
0.0052	0.922
0.0097	0.923
0.0105	0.924
0.0097	0.925
0.0105	0.926
0.0082	0.927
0.003	0.928
-0.0008	0.929
-0.0023	0.93
-0.0053	0.931
-0.0053	0.932
-0.006	0.933
-0.0083	0.934
-0.0083	0.935
-0.0105	0.936
-0.0091	0.937
-0.0068	0.938
-0.0068	0.939
-0.0053	0.94
-0.003	0.941
0.0	0.942
0.0015	0.943
0.0007	0.944
0.003	0.945
0.006	0.946
0.0082	0.947
0.0052	0.948
0.0022	0.949
0.0	0.95
-0.003	0.951
-0.0038	0.952
-0.003	0.953
-0.0015	0.954
-0.0015	0.955
-0.0008	0.956
-0.0046	0.957
-0.0083	0.958
-0.0053	0.959
-0.0046	0.96
-0.0038	0.961
-0.003	0.962
-0.0015	0.963
-0.0038	0.964
-0.0053	0.965
0.0007	0.966
0.0097	0.967
0.0187	0.968
0.0262	0.969
0.0315	0.97
0.0315	0.971
0.0315	0.972
0.027	0.973
0.0142	0.974
0.0105	0.975
0.0067	0.976
0.0037	0.977
0.003	0.978
-0.0053	0.979
-0.0105	0.98
-0.0203	0.981
-0.0346	0.982
-0.0443	0.983
-0.0533	0.984
-0.054	0.985
-0.0428	0.986
-0.0173	0.987
0.0045	0.988
0.0105	0.989
0.0217	0.99
0.0217	0.991
0.018	0.992
0.0135	0.993
0.0067	0.994
0.0067	0.995
0.003	0.996
0.003	0.997
0.0022	0.998
0.003	0.999
0.0037	1.0
0.0007	1.001
0.0	1.002
-0.0008	1.003
-0.0008	1.004
-0.003	1.005
-0.006	1.006
-0.0068	1.007
-0.006	1.008
-0.006	1.009
-0.0046	1.01
-0.0015	1.011
0.0007	1.012
0.0052	1.013
0.0052	1.014
0.0082	1.015
0.0097	1.016
0.0045	1.017
-0.0023	1.018
-0.0046	1.019
-0.0038	1.02
-0.0083	1.021
-0.0165	1.022
-0.0233	1.023
-0.0158	1.024
0.0007	1.025
0.0142	1.026
0.0277	1.027
0.0345	1.028
0.0345	1.029
0.0292	1.03
0.0202	1.031
0.015	1.032
0.009	1.033
0.0007	1.034
-0.0023	1.035
-0.003	1.036
-0.0015	1.037
-0.0015	1.038
-0.003	1.039
-0.0068	1.04
-0.0083	1.041
-0.0091	1.042
-0.015	1.043
-0.021	1.044
-0.0218	1.045
-0.0165	1.046
-0.0128	1.047
-0.0068	1.048
-0.0053	1.049
-0.0068	1.05
-0.0105	1.051
-0.0143	1.052
-0.012	1.053
-0.0135	1.054
-0.0135	1.055
-0.0105	1.056
-0.0068	1.057
0.003	1.058
0.009	1.059
0.0135	1.06
0.0165	1.061
0.0142	1.062
0.012	1.063
0.0075	1.064
0.0015	1.065
-0.0023	1.066
-0.003	1.067
-0.0015	1.068
-0.0015	1.069
-0.0008	1.07
0.0022	1.071
0.0007	1.072
0.0015	1.073
0.0007	1.074
0.0007	1.075
0.0067	1.076
0.006	1.077
0.009	1.078
0.0112	1.079
0.0112	1.08
0.0127	1.081
0.012	1.082
0.0135	1.083
0.009	1.084
0.0045	1.085
0.0007	1.086
-0.003	1.087
-0.0053	1.088
-0.0053	1.089
-0.0053	1.09
-0.0075	1.091
-0.0053	1.092
-0.003	1.093
-0.0008	1.094
-0.0015	1.095
-0.0046	1.096
-0.0091	1.097
-0.0135	1.098
-0.0113	1.099
-0.0083	1.1
-0.0113	1.101
-0.0143	1.102
-0.0143	1.103
-0.0083	1.104
-0.0023	1.105
0.0	1.106
0.0022	1.107
0.0015	1.108
0.006	1.109
0.015	1.11
0.0247	1.111
0.027	1.112
0.024	1.113
0.0202	1.114
0.0097	1.115
0.003	1.116
-0.003	1.117
-0.0083	1.118
-0.0068	1.119
-0.0083	1.12
-0.0075	1.121
-0.0068	1.122
-0.0091	1.123
-0.006	1.124
-0.0046	1.125
-0.0053	1.126
-0.0083	1.127
-0.0105	1.128
-0.0113	1.129
-0.0128	1.13
-0.0143	1.131
-0.0158	1.132
-0.0098	1.133
0.0037	1.134
0.0157	1.135
0.027	1.136
0.0277	1.137
0.0247	1.138
0.0187	1.139
0.0105	1.14
0.0052	1.141
-0.0023	1.142
-0.0053	1.143
-0.0053	1.144
-0.0053	1.145
-0.0046	1.146
-0.003	1.147
0.0007	1.148
0.006	1.149
0.0112	1.15
0.0142	1.151
0.0157	1.152
0.0067	1.153
-0.0091	1.154
-0.024	1.155
-0.0383	1.156
-0.042	1.157
-0.033	1.158
-0.0225	1.159
-0.0143	1.16
-0.0091	1.161
0.0015	1.162
0.012	1.163
0.0202	1.164
0.024	1.165
0.0232	1.166
0.0202	1.167
0.0157	1.168
0.012	1.169
0.006	1.17
0.0015	1.171
0.0007	1.172
-0.003	1.173
-0.003	1.174
-0.006	1.175
-0.0053	1.176
-0.0038	1.177
-0.0068	1.178
-0.0068	1.179
-0.0046	1.18
-0.0038	1.181
-0.006	1.182
-0.006	1.183
-0.0038	1.184
0.0007	1.185
0.0045	1.186
0.0052	1.187
0.0052	1.188
0.009	1.189
0.009	1.19
0.0052	1.191
0.006	1.192
0.0015	1.193
0.0	1.194
0.0	1.195
-0.003	1.196
-0.0023	1.197
-0.0046	1.198
-0.0046	1.199
-0.0046	1.2
-0.0068	1.201
-0.0053	1.202
-0.006	1.203
-0.0068	1.204
-0.0083	1.205
-0.0075	1.206
-0.0053	1.207
-0.003	1.208
-0.0015	1.209
-0.0008	1.21
0.0045	1.211
0.012	1.212
0.015	1.213
0.0157	1.214
0.0157	1.215
0.0157	1.216
0.009	1.217
0.0015	1.218
0.0052	1.219
0.0037	1.22
0.0015	1.221
0.0007	1.222
0.0	1.223
-0.0008	1.224
-0.0023	1.225
-0.0038	1.226
-0.0068	1.227
-0.0083	1.228
-0.0091	1.229
-0.0105	1.23
-0.0091	1.231
-0.0068	1.232
-0.0075	1.233
-0.0083	1.234
-0.0046	1.235
-0.003	1.236
-0.0023	1.237
-0.0015	1.238
-0.0008	1.239
0.0007	1.24
-0.0008	1.241
-0.0008	1.242
0.0	1.243
0.0015	1.244
0.0015	1.245
-0.0008	1.246
0.0007	1.247
0.0007	1.248
0.003	1.249
0.003	1.25
0.0022	1.251
0.0045	1.252
0.0022	1.253
0.0022	1.254
0.0022	1.255
0.0037	1.256
0.0045	1.257
0.003	1.258
0.0015	1.259
-0.0015	1.26
-0.0008	1.261
-0.0008	1.262
-0.0015	1.263
-0.0015	1.264
-0.003	1.265
-0.0015	1.266
-0.0015	1.267
-0.003	1.268
-0.0023	1.269
-0.0015	1.27
-0.0015	1.271
-0.003	1.272
-0.0053	1.273
-0.006	1.274
-0.003	1.275
-0.003	1.276
-0.003	1.277
0.0	1.278
0.0022	1.279
0.0007	1.28
0.0037	1.281
0.0052	1.282
0.0037	1.283
0.003	1.284
0.006	1.285
0.0067	1.286
0.009	1.287
0.012	1.288
0.0127	1.289
0.0142	1.29
0.0097	1.291
0.0067	1.292
0.0037	1.293
0.0	1.294
-0.0008	1.295
-0.003	1.296
-0.0053	1.297
-0.0098	1.298
-0.015	1.299
-0.0195	1.3
-0.0203	1.301
-0.0195	1.302
-0.0195	1.303
-0.0173	1.304
-0.0105	1.305
-0.0008	1.306
0.0105	1.307
0.018	1.308
0.021	1.309
0.021	1.31
0.0112	1.311
0.006	1.312
0.0045	1.313
-0.0008	1.314
-0.0046	1.315
-0.0083	1.316
-0.0053	1.317
-0.0046	1.318
-0.0068	1.319
-0.0046	1.32
-0.003	1.321
-0.0008	1.322
0.0007	1.323
-0.0015	1.324
-0.0008	1.325
0.0	1.326
-0.0008	1.327
-0.0008	1.328
-0.0008	1.329
0.0007	1.33
-0.0008	1.331
-0.0015	1.332
0.0	1.333
0.0	1.334
0.0007	1.335
0.0015	1.336
0.0007	1.337
-0.0008	1.338
0.0	1.339
0.0	1.34
0.0007	1.341
0.0015	1.342
0.0015	1.343
-0.0008	1.344
-0.0008	1.345
0.0015	1.346
0.0007	1.347
-0.0008	1.348
-0.0015	1.349
-0.0015	1.35
0.0007	1.351
-0.0008	1.352
0.0	1.353
0.0015	1.354
0.0007	1.355
0.0007	1.356
0.0015	1.357
0.0015	1.358
0.0007	1.359
-0.0008	1.36
0.0	1.361
0.0	1.362
-0.0015	1.363
-0.0015	1.364
-0.0008	1.365
-0.0008	1.366
-0.0008	1.367
0.0007	1.368
-0.0008	1.369
-0.0015	1.37
-0.0008	1.371
-0.0008	1.372
0.0007	1.373
-0.0008	1.374
-0.0008	1.375
-0.0008	1.376
-0.0008	1.377
0.0007	1.378
0.0015	1.379
0.0015	1.38
0.0007	1.381
0.0022	1.382
0.0052	1.383
0.0037	1.384
0.0007	1.385
0.0	1.386
-0.0015	1.387
-0.0015	1.388
-0.0015	1.389
-0.0038	1.39
-0.003	1.391
0.0	1.392
0.0015	1.393
0.0007	1.394
-0.0015	1.395
-0.0068	1.396
-0.0083	1.397
-0.0068	1.398
-0.0015	1.399
0.0022	1.4
0.0037	1.401
0.0052	1.402
0.0082	1.403
0.0105	1.404
0.0052	1.405
0.0052	1.406
0.0022	1.407
-0.0015	1.408
-0.0053	1.409
-0.0105	1.41
-0.0098	1.411
-0.0091	1.412
-0.0091	1.413
-0.0068	1.414
0.0	1.415
0.0067	1.416
0.0067	1.417
0.009	1.418
0.012	1.419
0.009	1.42
0.0045	1.421
0.0007	1.422
-0.003	1.423
-0.0038	1.424
-0.006	1.425
-0.006	1.426
-0.003	1.427
-0.0015	1.428
0.003	1.429
0.0022	1.43
0.003	1.431
0.003	1.432
0.003	1.433
0.003	1.434
0.0007	1.435
0.0007	1.436
-0.0008	1.437
-0.0008	1.438
-0.0023	1.439
-0.003	1.44
-0.0008	1.441
-0.0008	1.442
-0.003	1.443
-0.0038	1.444
-0.003	1.445
-0.0053	1.446
-0.003	1.447
-0.0015	1.448
-0.0023	1.449
-0.0008	1.45
-0.0008	1.451
0.0007	1.452
0.0015	1.453
0.0	1.454
0.0007	1.455
0.0015	1.456
0.0015	1.457
0.0007	1.458
0.0007	1.459
0.0007	1.46
0.0007	1.461
0.0007	1.462
0.0007	1.463
0.0007	1.464
-0.0008	1.465
0.0015	1.466
0.0007	1.467
-0.0023	1.468
-0.003	1.469
-0.0015	1.47
0.0015	1.471
0.0015	1.472
0.003	1.473
0.003	1.474
0.0007	1.475
-0.0008	1.476
-0.003	1.477
-0.0008	1.478
0.0015	1.479
-0.0008	1.48
-0.0023	1.481
0.003	1.482
0.0015	1.483
-0.0008	1.484
0.0007	1.485
-0.0008	1.486
0.0007	1.487
-0.0008	1.488
-0.0008	1.489
0.0	1.49
0.0	1.491
-0.0008	1.492
0.0	1.493
0.0015	1.494
-0.0008	1.495
-0.0008	1.496
-0.0015	1.497
-0.003	1.498
-0.0015	1.499
-0.0023	1.5
-0.0015	1.501
-0.0023	1.502
-0.0023	1.503
-0.003	1.504
-0.0015	1.505
-0.0008	1.506
-0.0015	1.507
-0.003	1.508
-0.0015	1.509
0.0007	1.51
0.0015	1.511
0.0015	1.512
0.0	1.513
-0.0008	1.514
0.0	1.515
-0.0008	1.516
-0.0008	1.517
-0.0008	1.518
-0.0008	1.519
-0.0015	1.52
-0.003	1.521
-0.0046	1.522
-0.0008	1.523
0.0067	1.524
0.009	1.525
0.0097	1.526
0.0097	1.527
0.006	1.528
0.003	1.529
-0.0008	1.53
-0.0015	1.531
-0.003	1.532
-0.0046	1.533
-0.003	1.534
-0.003	1.535
-0.003	1.536
-0.0038	1.537
-0.0038	1.538
-0.0015	1.539
-0.0038	1.54
-0.003	1.541
-0.0008	1.542
0.0007	1.543
0.0022	1.544
0.0007	1.545
0.0007	1.546
0.0015	1.547
0.0007	1.548
0.0015	1.549
0.0022	1.55
0.0007	1.551
-0.0015	1.552
-0.0015	1.553
0.0	1.554
0.0007	1.555
-0.0008	1.556
-0.0008	1.557
-0.0008	1.558
-0.0015	1.559
-0.0015	1.56
-0.0015	1.561
-0.0015	1.562
-0.0015	1.563
-0.0015	1.564
-0.0023	1.565
-0.003	1.566
-0.0023	1.567
-0.0023	1.568
-0.0015	1.569
-0.0008	1.57
0.0007	1.571
0.0022	1.572
0.0015	1.573
0.0015	1.574
0.0037	1.575
0.0045	1.576
0.0067	1.577
0.0075	1.578
0.0075	1.579
0.006	1.58
0.0007	1.581
0.0015	1.582
-0.0008	1.583
-0.0046	1.584
-0.003	1.585
-0.0015	1.586
-0.0008	1.587
-0.0015	1.588
-0.0023	1.589
-0.0038	1.59
-0.0053	1.591
-0.0038	1.592
-0.0038	1.593
-0.0023	1.594
0.0007	1.595
0.003	1.596
0.003	1.597
0.0052	1.598
0.0052	1.599
0.0037	1.6
0.0022	1.601
-0.0015	1.602
-0.0015	1.603
-0.003	1.604
-0.0046	1.605
-0.003	1.606
-0.0023	1.607
-0.0015	1.608
-0.0015	1.609
-0.0015	1.61
-0.003	1.611
-0.0015	1.612
-0.003	1.613
-0.003	1.614
0.0007	1.615
-0.0008	1.616
-0.003	1.617
0.0007	1.618
0.0007	1.619
-0.0008	1.62
0.0007	1.621
0.003	1.622
0.0015	1.623
0.0007	1.624
0.0007	1.625
-0.0008	1.626
-0.0008	1.627
0.0007	1.628
-0.0008	1.629
-0.0008	1.63
-0.0008	1.631
0.0007	1.632
0.0007	1.633
0.0	1.634
0.0007	1.635
0.0015	1.636
0.0022	1.637
0.0015	1.638
0.0007	1.639
0.0	1.64
-0.0015	1.641
-0.0015	1.642
-0.0008	1.643
0.0007	1.644
0.0015	1.645
0.0007	1.646
0.0007	1.647
-0.0008	1.648
0.0007	1.649
0.0015	1.65
0.0	1.651
-0.0015	1.652
-0.0015	1.653
-0.0015	1.654
-0.0008	1.655
0.0007	1.656
-0.0008	1.657
-0.0023	1.658
-0.0008	1.659
-0.0008	1.66
-0.0023	1.661
-0.0015	1.662
-0.0008	1.663
-0.0015	1.664
-0.0008	1.665
0.0007	1.666
0.0007	1.667
0.0007	1.668
0.0007	1.669
0.0	1.67
0.0007	1.671
0.0	1.672
0.0015	1.673
-0.0008	1.674
-0.0046	1.675
-0.0038	1.676
-0.003	1.677
-0.003	1.678
-0.0046	1.679
-0.0015	1.68
0.003	1.681
0.0052	1.682
0.0052	1.683
0.006	1.684
0.0082	1.685
0.0067	1.686
0.003	1.687
-0.0008	1.688
-0.0015	1.689
-0.0023	1.69
-0.0008	1.691
-0.0015	1.692
-0.0015	1.693
-0.0015	1.694
-0.0008	1.695
0.0	1.696
-0.0008	1.697
-0.0008	1.698
-0.0008	1.699
-0.0008	1.7
-0.0008	1.701
-0.0015	1.702
-0.0015	1.703
0.0	1.704
0.0007	1.705
-0.0015	1.706
-0.0015	1.707
-0.0023	1.708
-0.0023	1.709
-0.0015	1.71
-0.003	1.711
-0.0023	1.712
-0.0015	1.713
0.0007	1.714
-0.0008	1.715
-0.0008	1.716
0.0015	1.717
0.003	1.718
0.0015	1.719
0.0015	1.72
0.0022	1.721
0.0015	1.722
0.0015	1.723
0.0022	1.724
0.0007	1.725
0.0	1.726
0.0007	1.727
-0.0008	1.728
-0.0015	1.729
-0.0015	1.73
-0.0015	1.731
-0.0015	1.732
-0.0008	1.733
-0.0008	1.734
-0.0015	1.735
-0.0015	1.736
-0.0008	1.737
0.0007	1.738
0.0007	1.739
0.0022	1.74
0.0015	1.741
0.0015	1.742
0.0022	1.743
0.0007	1.744
0.0007	1.745
0.0015	1.746
0.0015	1.747
0.0007	1.748
-0.0023	1.749
-0.0008	1.75
-0.0008	1.751
0.0	1.752
-0.0023	1.753
-0.0046	1.754
-0.0015	1.755
-0.0015	1.756
-0.0015	1.757
-0.0015	1.758
-0.0023	1.759
-0.0015	1.76
-0.0015	1.761
-0.0015	1.762
-0.0023	1.763
-0.0015	1.764
0.0007	1.765
0.0007	1.766
0.0007	1.767
0.0	1.768
0.0007	1.769
-0.0008	1.77
-0.0015	1.771
-0.0008	1.772
-0.0008	1.773
-0.0008	1.774
-0.0008	1.775
0.0007	1.776
0.0022	1.777
0.0007	1.778
0.0015	1.779
0.0007	1.78
0.0007	1.781
0.0007	1.782
0.0007	1.783
0.0007	1.784
0.0015	1.785
0.0022	1.786
0.0015	1.787
0.0007	1.788
-0.0015	1.789
-0.0008	1.79
0.0007	1.791
-0.0008	1.792
-0.0008	1.793
-0.0008	1.794
-0.0015	1.795
-0.0008	1.796
0.0007	1.797
0.0015	1.798
0.0015	1.799
0.0015	1.8
0.0015	1.801
0.0007	1.802
0.0	1.803
0.0007	1.804
-0.0008	1.805
0.0	1.806
0.0	1.807
0.0007	1.808
0.0007	1.809
0.0	1.81
0.0007	1.811
0.0	1.812
-0.0008	1.813
-0.0008	1.814
-0.0008	1.815
-0.003	1.816
-0.003	1.817
-0.0015	1.818
0.0007	1.819
0.0007	1.82
0.0015	1.821
0.003	1.822
0.0022	1.823
0.0015	1.824
0.0007	1.825
0.0007	1.826
0.0007	1.827
0.0007	1.828
0.0007	1.829
0.0	1.83
0.0007	1.831
-0.0008	1.832
-0.0015	1.833
-0.0015	1.834
-0.0008	1.835
-0.0008	1.836
-0.0008	1.837
0.0007	1.838
0.0	1.839
0.0	1.84
-0.0008	1.841
-0.0023	1.842
-0.003	1.843
-0.0015	1.844
-0.0008	1.845
-0.0023	1.846
-0.003	1.847
-0.0023	1.848
-0.0023	1.849
-0.0015	1.85
-0.0008	1.851
-0.0015	1.852
-0.0008	1.853
-0.0008	1.854
-0.0008	1.855
0.0007	1.856
-0.0008	1.857
-0.0015	1.858
-0.0015	1.859
-0.0015	1.86
0.0007	1.861
0.0015	1.862
-0.0008	1.863
0.0007	1.864
0.0015	1.865
0.0015	1.866
0.0007	1.867
0.0015	1.868
0.0022	1.869
0.0007	1.87
0.0007	1.871
-0.0008	1.872
-0.0008	1.873
0.0007	1.874
0.0015	1.875
0.003	1.876
0.0015	1.877
0.0015	1.878
0.0015	1.879
0.0015	1.88
0.0007	1.881
-0.0015	1.882
-0.0015	1.883
-0.0023	1.884
-0.003	1.885
-0.0015	1.886
-0.0008	1.887
0.0	1.888
0.0	1.889
-0.0008	1.89
-0.0015	1.891
-0.0015	1.892
-0.0015	1.893
-0.0015	1.894
0.0007	1.895
-0.0008	1.896
-0.0008	1.897
0.0015	1.898
0.0015	1.899
0.0015	1.9
0.0007	1.901
0.0007	1.902
0.0	1.903
-0.0008	1.904
-0.0008	1.905
-0.0008	1.906
0.0015	1.907
0.0022	1.908
0.0007	1.909
-0.0008	1.91
0.0015	1.911
0.0007	1.912
-0.0008	1.913
0.0007	1.914
0.0007	1.915
0.0007	1.916
0.0	1.917
0.0	1.918
0.0007	1.919
0.0	1.92
-0.0008	1.921
0.0	1.922
0.0007	1.923
-0.0008	1.924
-0.0008	1.925
0.0	1.926
-0.0015	1.927
-0.0008	1.928
0.0007	1.929
-0.0008	1.93
-0.0008	1.931
-0.0008	1.932
0.0007	1.933
0.0015	1.934
0.0	1.935
0.0	1.936
0.0	1.937
-0.0008	1.938
-0.0008	1.939
-0.0008	1.94
-0.0008	1.941
-0.0015	1.942
-0.0015	1.943
-0.0008	1.944
-0.0015	1.945
0.0	1.946
-0.0008	1.947
-0.003	1.948
-0.003	1.949
-0.0023	1.95
-0.0008	1.951
-0.003	1.952
0.0	1.953
0.0007	1.954
0.0015	1.955
0.003	1.956
0.003	1.957
0.0037	1.958
0.0045	1.959
0.0067	1.96
0.0037	1.961
0.0007	1.962
-0.0008	1.963
-0.0008	1.964
-0.0023	1.965
-0.003	1.966
-0.0015	1.967
-0.0015	1.968
-0.0015	1.969
-0.0008	1.97
-0.0015	1.971
-0.0015	1.972
-0.0015	1.973
-0.0008	1.974
-0.0008	1.975
0.0	1.976
-0.0015	1.977
-0.0015	1.978
0.0	1.979
0.0015	1.98
0.0015	1.981
-0.0008	1.982
0.0007	1.983
-0.0008	1.984
-0.0015	1.985
-0.0015	1.986
-0.003	1.987
-0.003	1.988
-0.0015	1.989
-0.0008	1.99
-0.0008	1.991
0.0	1.992
-0.0008	1.993
0.0	1.994
0.0007	1.995
0.0037	1.996
0.0022	1.997
0.0022	1.998
0.0015	1.999
0.0007	2.0
0.0	2.001
-0.0015	2.002
0.0007	2.003
0.0	2.004
0.0007	2.005
0.0	2.006
-0.0008	2.007
0.0015	2.008
-0.0008	2.009
-0.0008	2.01
0.0	2.011
-0.0008	2.012
-0.0008	2.013
-0.0008	2.014
-0.0015	2.015
-0.0008	2.016
-0.0008	2.017
-0.0008	2.018
0.0	2.019
-0.0015	2.02
-0.0015	2.021
-0.0015	2.022
-0.0023	2.023
-0.0038	2.024
-0.003	2.025
-0.0015	2.026
0.0007	2.027
0.0015	2.028
0.0007	2.029
0.0007	2.03
0.0015	2.031
0.0007	2.032
-0.0008	2.033
-0.0008	2.034
0.0015	2.035
0.0015	2.036
0.0	2.037
-0.0008	2.038
0.0	2.039
0.0007	2.04
0.0007	2.041
0.0007	2.042
0.0007	2.043
0.0007	2.044
0.0007	2.045
0.0007	2.046
0.0	2.047
-0.0015	2.048
0.0	2.049
0.0007	2.05
0.0015	2.051
-0.0008	2.052
-0.0015	2.053
-0.0023	2.054
-0.0015	2.055
-0.0015	2.056
-0.0015	2.057
0.0007	2.058
0.0022	2.059
0.0	2.06
0.0	2.061
0.0007	2.062
0.0015	2.063
0.0015	2.064
0.0007	2.065
0.0015	2.066
0.003	2.067
0.0015	2.068
-0.0008	2.069
-0.0008	2.07
0.0	2.071
0.0007	2.072
0.0007	2.073
0.0007	2.074
0.0015	2.075
0.0022	2.076
0.0	2.077
-0.0008	2.078
0.0	2.079
0.0015	2.08
0.0015	2.081
0.0	2.082
-0.0015	2.083
0.0007	2.084
0.0015	2.085
0.0007	2.086
0.0	2.087
0.0	2.088
-0.0008	2.089
0.0	2.09
0.0	2.091
-0.0015	2.092
-0.0015	2.093
-0.0015	2.094
-0.0008	2.095
-0.0008	2.096
-0.0008	2.097
-0.0015	2.098
-0.0008	2.099
-0.0008	2.1
-0.0008	2.101
-0.0008	2.102
-0.0015	2.103
-0.0008	2.104
-0.0015	2.105
-0.0008	2.106
-0.0015	2.107
-0.0046	2.108
-0.0038	2.109
-0.0046	2.11
-0.0015	2.111
0.0	2.112
0.0007	2.113
0.0022	2.114
0.0022	2.115
0.0037	2.116
0.0045	2.117
0.003	2.118
0.0015	2.119
-0.0015	2.12
-0.003	2.121
-0.0015	2.122
-0.003	2.123
-0.0008	2.124
-0.0015	2.125
-0.0023	2.126
-0.0015	2.127
-0.0023	2.128
-0.0023	2.129
-0.0008	2.13
0.0015	2.131
0.0007	2.132
0.0015	2.133
0.0007	2.134
0.0007	2.135
0.0015	2.136
0.0022	2.137
0.0015	2.138
0.0007	2.139
0.0007	2.14
-0.0008	2.141
-0.0008	2.142
-0.0015	2.143
-0.0015	2.144
-0.0008	2.145
0.0	2.146
0.0015	2.147
0.0	2.148
0.0	2.149
0.0	2.15
0.0007	2.151
0.0	2.152
0.0007	2.153
0.0007	2.154
0.0	2.155
0.0015	2.156
0.0007	2.157
0.0	2.158
0.0007	2.159
0.0007	2.16
0.0007	2.161
0.0	2.162
-0.0008	2.163
-0.0023	2.164
-0.0023	2.165
-0.0023	2.166
-0.0015	2.167
-0.0015	2.168
-0.0008	2.169
0.0007	2.17
0.0007	2.171
0.0	2.172
-0.0008	2.173
0.0	2.174
0.0007	2.175
0.0015	2.176
0.0007	2.177
-0.0008	2.178
0.0007	2.179
-0.0015	2.18
-0.0008	2.181
-0.0008	2.182
-0.0008	2.183
0.0	2.184
0.0	2.185
0.0	2.186
0.0015	2.187
0.003	2.188
0.0015	2.189
0.0007	2.19
0.0015	2.191
-0.0008	2.192
0.0007	2.193
0.0007	2.194
0.0	2.195
0.0007	2.196
-0.0023	2.197
-0.003	2.198
-0.0015	2.199
-0.0015	2.2
-0.0008	2.201
-0.0008	2.202
-0.0008	2.203
-0.0015	2.204
0.0	2.205
-0.0008	2.206
-0.003	2.207
-0.0008	2.208
-0.0008	2.209
-0.0015	2.21
-0.0015	2.211
-0.003	2.212
-0.0008	2.213
0.0007	2.214
-0.0015	2.215
-0.0023	2.216
0.0007	2.217
-0.0015	2.218
-0.0015	2.219
0.0015	2.22
0.0015	2.221
0.0015	2.222
0.0007	2.223
0.0015	2.224
0.0007	2.225
0.0007	2.226
0.0022	2.227
0.0015	2.228
0.0007	2.229
-0.0008	2.23
0.0	2.231
-0.0008	2.232
-0.0008	2.233
0.0	2.234
0.0007	2.235
0.0007	2.236
0.0007	2.237
0.0015	2.238
0.0007	2.239
-0.0008	2.24
-0.0008	2.241
0.0007	2.242
0.0007	2.243
-0.0008	2.244
0.0	2.245
-0.0015	2.246
-0.0015	2.247
0.0007	2.248
-0.0008	2.249
-0.0008	2.25
-0.0008	2.251
-0.0008	2.252
-0.0015	2.253
-0.0015	2.254
0.0	2.255
0.0	2.256
-0.0008	2.257
-0.0015	2.258
-0.0015	2.259
0.0015	2.26
0.0007	2.261
0.0015	2.262
0.0007	2.263
0.0	2.264
-0.0008	2.265
-0.0015	2.266
-0.0015	2.267
-0.003	2.268
-0.0015	2.269
-0.0008	2.27
-0.0015	2.271
-0.0008	2.272
0.0	2.273
-0.0008	2.274
0.0015	2.275
0.0007	2.276
-0.0008	2.277
-0.0015	2.278
-0.0008	2.279
0.0007	2.28
0.0022	2.281
0.0045	2.282
0.0022	2.283
0.0	2.284
-0.0008	2.285
-0.0038	2.286
-0.003	2.287
0.0	2.288
0.0007	2.289
0.0015	2.29
0.003	2.291
0.0015	2.292
0.0015	2.293
0.0015	2.294
0.0007	2.295
0.0	2.296
-0.0015	2.297
-0.0023	2.298
-0.003	2.299
-0.0038	2.3
0.0	2.301
0.003	2.302
0.0007	2.303
-0.0015	2.304
-0.0008	2.305
0.0	2.306
0.0015	2.307
0.0	2.308
-0.0008	2.309
0.0	2.31
-0.0008	2.311
-0.0008	2.312
-0.0015	2.313
-0.0015	2.314
-0.0023	2.315
-0.0008	2.316
0.0	2.317
0.0	2.318
0.0015	2.319
0.0007	2.32
0.0007	2.321
0.0007	2.322
0.0022	2.323
0.0022	2.324
0.0007	2.325
0.0015	2.326
0.0015	2.327
0.0015	2.328
0.0007	2.329
0.0007	2.33
0.0007	2.331
-0.0008	2.332
-0.0008	2.333
0.0	2.334
-0.0008	2.335
-0.0008	2.336
-0.0008	2.337
-0.0015	2.338
-0.0023	2.339
-0.0015	2.34
-0.0008	2.341
-0.0015	2.342
0.0	2.343
0.0007	2.344
-0.0008	2.345
-0.0008	2.346
-0.0015	2.347
-0.0015	2.348
-0.0008	2.349
0.0015	2.35
0.0007	2.351
0.0007	2.352
0.0	2.353
0.0007	2.354
0.0007	2.355
0.0	2.356
0.0	2.357
-0.0015	2.358
-0.0008	2.359
0.0	2.36
-0.0008	2.361
-0.0015	2.362
-0.0015	2.363
-0.0008	2.364
0.0007	2.365
0.0007	2.366
-0.0008	2.367
-0.0015	2.368
-0.0008	2.369
0.0007	2.37
0.0007	2.371
-0.0015	2.372
-0.0015	2.373
-0.0008	2.374
0.0007	2.375
0.0007	2.376
0.0007	2.377
0.0015	2.378
0.0022	2.379
0.0015	2.38
-0.0015	2.381
-0.0015	2.382
-0.0015	2.383
-0.0008	2.384
-0.0008	2.385
-0.0008	2.386
-0.0008	2.387
-0.0015	2.388
-0.0008	2.389
0.0007	2.39
-0.0008	2.391
0.0007	2.392
0.0015	2.393
0.0	2.394
0.0007	2.395
-0.0008	2.396
0.0007	2.397
0.0007	2.398
-0.0008	2.399
-0.0008	2.4
-0.0008	2.401
-0.0008	2.402
0.0007	2.403
0.0015	2.404
0.0	2.405
-0.0008	2.406
0.0007	2.407
0.0015	2.408
0.0	2.409
-0.0008	2.41
-0.0008	2.411
-0.0008	2.412
-0.0015	2.413
-0.0015	2.414
-0.0015	2.415
-0.003	2.416
-0.0023	2.417
-0.0008	2.418
0.0015	2.419
0.0022	2.42
0.003	2.421
0.0045	2.422
0.0015	2.423
0.0015	2.424
0.0007	2.425
0.0015	2.426
0.0007	2.427
0.0007	2.428
0.0007	2.429
0.0007	2.43
0.0007	2.431
-0.0008	2.432
-0.0015	2.433
0.0	2.434
0.0015	2.435
0.0052	2.436
0.0045	2.437
0.0067	2.438
0.0082	2.439
0.0075	2.44
0.0082	2.441
0.0052	2.442
0.0037	2.443
0.0015	2.444
-0.0083	2.445
-0.0195	2.446
-0.0278	2.447
-0.03	2.448
-0.0278	2.449
-0.0181	2.45
-0.0053	2.451
0.0015	2.452
0.0052	2.453
0.0067	2.454
0.0052	2.455
0.0075	2.456
0.0052	2.457
0.0052	2.458
0.0067	2.459
0.0045	2.46
0.0045	2.461
0.0015	2.462
0.0015	2.463
0.003	2.464
0.0037	2.465
0.0015	2.466
0.0007	2.467
0.0022	2.468
0.0	2.469
0.0007	2.47
0.0015	2.471
0.0015	2.472
0.0007	2.473
-0.0008	2.474
-0.0015	2.475
-0.0008	2.476
-0.0008	2.477
-0.0015	2.478
-0.0008	2.479
0.0007	2.48
0.0007	2.481
-0.0008	2.482
0.0	2.483
0.0	2.484
0.0	2.485
0.0007	2.486
-0.0015	2.487
-0.0008	2.488
-0.0023	2.489
-0.0015	2.49
-0.0008	2.491
-0.0008	2.492
0.0007	2.493
0.0015	2.494
0.0022	2.495
0.0015	2.496
0.0015	2.497
0.0015	2.498
-0.0008	2.499
0.0007	2.5
0.0007	2.501
0.0	2.502
0.0	2.503
0.0	2.504
-0.0008	2.505
-0.0008	2.506
-0.0008	2.507
0.0007	2.508
0.0015	2.509
0.0007	2.51
0.0007	2.511
0.0	2.512
0.0	2.513
-0.0008	2.514
-0.0015	2.515
0.0007	2.516
0.0007	2.517
-0.0015	2.518
-0.0015	2.519
-0.0008	2.52
-0.0008	2.521
-0.0008	2.522
-0.0008	2.523
-0.0023	2.524
-0.0015	2.525
-0.0008	2.526
-0.0008	2.527
0.0007	2.528
0.0007	2.529
0.0	2.53
-0.0015	2.531
-0.0008	2.532
0.0015	2.533
-0.0008	2.534
-0.0008	2.535
0.0007	2.536
-0.0008	2.537
0.0	2.538
-0.0015	2.539
-0.0008	2.54
0.0007	2.541
-0.0008	2.542
-0.0015	2.543
-0.0008	2.544
0.0007	2.545
-0.0008	2.546
-0.0008	2.547
-0.0008	2.548
-0.0023	2.549
0.0	2.55
0.0007	2.551
0.0007	2.552
0.0007	2.553
-0.0015	2.554
0.0007	2.555
-0.0008	2.556
-0.0008	2.557
0.0007	2.558
0.0015	2.559
0.0015	2.56
0.0007	2.561
0.0	2.562
-0.0015	2.563
-0.0008	2.564
-0.0015	2.565
-0.0015	2.566
-0.0008	2.567
0.0	2.568
0.0007	2.569
0.0007	2.57
0.0	2.571
-0.0015	2.572
-0.0008	2.573
-0.0008	2.574
0.0	2.575
0.0	2.576
-0.0008	2.577
-0.0008	2.578
-0.0008	2.579
-0.0008	2.58
-0.0008	2.581
-0.0008	2.582
0.0007	2.583
0.0007	2.584
0.0	2.585
-0.0008	2.586
0.0	2.587
-0.0008	2.588
0.0007	2.589
0.0007	2.59
0.0007	2.591
-0.0008	2.592
0.0015	2.593
0.0015	2.594
0.0007	2.595
0.0015	2.596
0.0007	2.597
0.0015	2.598
0.0007	2.599
0.0015	2.6
-0.0008	2.601
-0.0008	2.602
-0.0008	2.603
0.0015	2.604
0.003	2.605
0.0007	2.606
0.0007	2.607
-0.0008	2.608
0.0	2.609
-0.0008	2.61
-0.0008	2.611
-0.0015	2.612
-0.0015	2.613
0.0007	2.614
-0.0008	2.615
-0.0008	2.616
-0.003	2.617
-0.0023	2.618
-0.0008	2.619
-0.0015	2.62
-0.0008	2.621
-0.0015	2.622
-0.0015	2.623
-0.0023	2.624
-0.0008	2.625
-0.0015	2.626
-0.0015	2.627
-0.0008	2.628
0.0	2.629
0.0015	2.63
0.0015	2.631
0.0007	2.632
0.0007	2.633
0.0007	2.634
0.0022	2.635
0.0015	2.636
-0.0008	2.637
-0.0008	2.638
-0.0015	2.639
-0.0015	2.64
0.0007	2.641
0.0	2.642
-0.0008	2.643
0.0	2.644
0.0007	2.645
0.0007	2.646
0.0007	2.647
0.0	2.648
-0.0008	2.649
0.0	2.65
-0.0008	2.651
-0.0015	2.652
0.0	2.653
0.0007	2.654
0.0	2.655
0.0	2.656
0.0007	2.657
0.0015	2.658
-0.0008	2.659
-0.0015	2.66
-0.0008	2.661
-0.003	2.662
-0.003	2.663
-0.0023	2.664
-0.003	2.665
-0.0015	2.666
-0.0008	2.667
-0.0015	2.668
-0.0023	2.669
0.0	2.67
0.0	2.671
-0.0008	2.672
0.0007	2.673
-0.0008	2.674
-0.0008	2.675
-0.0015	2.676
-0.0015	2.677
0.0007	2.678
0.0015	2.679
0.0015	2.68
0.0015	2.681
0.0007	2.682
-0.0015	2.683
-0.0008	2.684
0.0	2.685
-0.0008	2.686
-0.0015	2.687
-0.0015	2.688
-0.0015	2.689
-0.0008	2.69
-0.003	2.691
-0.003	2.692
-0.0015	2.693
-0.0015	2.694
0.0007	2.695
0.0007	2.696
0.0022	2.697
0.003	2.698
0.003	2.699
0.0037	2.7
0.0022	2.701
0.0015	2.702
0.0007	2.703
-0.0008	2.704
0.0007	2.705
0.0052	2.706
0.009	2.707
0.012	2.708
0.0105	2.709
0.0082	2.71
0.009	2.711
0.0105	2.712
0.0112	2.713
0.0135	2.714
0.0097	2.715
0.003	2.716
-0.0023	2.717
-0.0158	2.718
-0.027	2.719
-0.0368	2.72
-0.0443	2.721
-0.0428	2.722
-0.0346	2.723
-0.0173	2.724
-0.003	2.725
0.006	2.726
0.0105	2.727
0.009	2.728
0.0112	2.729
0.0112	2.73
0.0097	2.731
0.009	2.732
0.0105	2.733
0.009	2.734
0.0067	2.735
0.009	2.736
0.0082	2.737
0.0052	2.738
0.0045	2.739
0.0015	2.74
0.003	2.741
0.0045	2.742
0.0045	2.743
0.0037	2.744
0.0015	2.745
0.0007	2.746
0.0022	2.747
0.0007	2.748
-0.0008	2.749
0.0	2.75
0.0007	2.751
-0.0008	2.752
-0.0023	2.753
-0.003	2.754
-0.0046	2.755
-0.0053	2.756
-0.0083	2.757
-0.0091	2.758
-0.0083	2.759
-0.0083	2.76
-0.0068	2.761
-0.0046	2.762
-0.0046	2.763
-0.0046	2.764
-0.0038	2.765
0.003	2.766
0.0082	2.767
0.0097	2.768
0.0127	2.769
0.0157	2.77
0.0127	2.771
0.0105	2.772
0.009	2.773
0.0052	2.774
0.0007	2.775
-0.0023	2.776
-0.003	2.777
-0.0053	2.778
-0.0068	2.779
-0.0053	2.78
-0.0038	2.781
0.0015	2.782
0.0045	2.783
0.0067	2.784
0.0052	2.785
0.0037	2.786
0.0022	2.787
-0.0015	2.788
-0.0008	2.789
-0.0008	2.79
-0.0023	2.791
-0.003	2.792
-0.0015	2.793
-0.0015	2.794
-0.0023	2.795
-0.0008	2.796
-0.0023	2.797
-0.0046	2.798
-0.006	2.799
-0.0068	2.8
-0.0075	2.801
-0.0083	2.802
-0.0083	2.803
-0.0091	2.804
-0.0091	2.805
-0.0083	2.806
-0.0075	2.807
-0.0075	2.808
-0.0068	2.809
-0.0023	2.81
0.0015	2.811
0.0082	2.812
0.0127	2.813
0.0142	2.814
0.0142	2.815
0.0135	2.816
0.0105	2.817
0.0082	2.818
0.0052	2.819
0.003	2.82
0.0015	2.821
0.0007	2.822
0.0037	2.823
-0.0008	2.824
-0.0068	2.825
-0.0075	2.826
-0.0068	2.827
-0.0083	2.828
-0.0091	2.829
-0.0075	2.83
-0.0046	2.831
-0.0023	2.832
0.0015	2.833
0.0037	2.834
0.0052	2.835
0.006	2.836
0.0067	2.837
0.0067	2.838
0.0045	2.839
0.0	2.84
-0.0008	2.841
-0.0008	2.842
-0.0015	2.843
-0.0008	2.844
-0.0015	2.845
-0.0046	2.846
-0.0068	2.847
-0.0075	2.848
-0.0068	2.849
-0.0068	2.85
-0.0053	2.851
-0.0075	2.852
-0.0075	2.853
-0.0046	2.854
0.0045	2.855
0.0112	2.856
0.0105	2.857
0.0105	2.858
0.009	2.859
0.0037	2.86
0.0	2.861
-0.0015	2.862
-0.0046	2.863
-0.0038	2.864
-0.003	2.865
-0.003	2.866
-0.0015	2.867
-0.0023	2.868
-0.003	2.869
-0.0038	2.87
-0.0015	2.871
0.0	2.872
-0.0046	2.873
-0.0038	2.874
0.0007	2.875
0.0007	2.876
0.0007	2.877
0.003	2.878
0.0015	2.879
0.0015	2.88
-0.0008	2.881
-0.0053	2.882
-0.0068	2.883
-0.0083	2.884
-0.0053	2.885
-0.0023	2.886
-0.0008	2.887
0.0045	2.888
0.0105	2.889
0.015	2.89
0.0195	2.891
0.0225	2.892
0.0232	2.893
0.0202	2.894
0.0165	2.895
0.0135	2.896
0.0075	2.897
0.0007	2.898
-0.0053	2.899
-0.012	2.9
-0.0195	2.901
-0.0263	2.902
-0.03	2.903
-0.0308	2.904
-0.0248	2.905
-0.0158	2.906
-0.0105	2.907
-0.0046	2.908
0.0007	2.909
0.0022	2.91
0.003	2.911
0.0052	2.912
0.0082	2.913
0.0082	2.914
0.0082	2.915
0.0082	2.916
0.0067	2.917
0.0045	2.918
0.003	2.919
0.0022	2.92
-0.0008	2.921
0.0	2.922
0.0015	2.923
0.0015	2.924
0.0022	2.925
-0.0015	2.926
-0.003	2.927
-0.003	2.928
-0.0038	2.929
-0.0015	2.93
-0.0038	2.931
-0.0015	2.932
-0.0008	2.933
0.003	2.934
0.0045	2.935
0.0022	2.936
0.0052	2.937
0.0015	2.938
-0.0015	2.939
-0.0008	2.94
-0.003	2.941
-0.0015	2.942
-0.0008	2.943
0.0	2.944
0.0	2.945
0.0015	2.946
0.0052	2.947
0.0052	2.948
0.0045	2.949
0.0015	2.95
0.0015	2.951
0.0045	2.952
0.003	2.953
-0.0015	2.954
-0.0038	2.955
-0.003	2.956
-0.0015	2.957
0.0015	2.958
0.0045	2.959
0.006	2.96
0.006	2.961
0.0015	2.962
0.0	2.963
-0.0015	2.964
-0.0023	2.965
-0.0046	2.966
-0.0068	2.967
-0.0046	2.968
-0.0053	2.969
-0.003	2.97
0.0015	2.971
0.003	2.972
0.0052	2.973
0.006	2.974
0.0067	2.975
0.0067	2.976
0.009	2.977
0.0075	2.978
0.0037	2.979
0.0015	2.98
-0.0068	2.981
-0.0143	2.982
-0.0203	2.983
-0.0218	2.984
-0.021	2.985
-0.0173	2.986
-0.0105	2.987
-0.0046	2.988
-0.0008	2.989
0.0	2.99
0.0	2.991
-0.0008	2.992
0.0007	2.993
0.0015	2.994
0.0007	2.995
0.003	2.996
0.003	2.997
0.0022	2.998
0.006	2.999
0.0067	3.0
0.0052	3.001
0.006	3.002
0.0052	3.003
0.006	3.004
0.0052	3.005
0.0022	3.006
0.0022	3.007
0.0007	3.008
0.0015	3.009
0.003	3.01
0.0015	3.011
0.0015	3.012
0.0007	3.013
0.0007	3.014
0.0007	3.015
0.0	3.016
-0.0015	3.017
0.0	3.018
-0.0008	3.019
-0.0008	3.02
-0.0015	3.021
-0.003	3.022
-0.0046	3.023
-0.003	3.024
-0.0015	3.025
-0.0015	3.026
-0.003	3.027
-0.0015	3.028
-0.0008	3.029
0.0015	3.03
0.0007	3.031
0.003	3.032
0.0067	3.033
0.0052	3.034
0.006	3.035
0.0067	3.036
0.003	3.037
0.003	3.038
0.003	3.039
0.0037	3.04
0.0022	3.041
-0.0023	3.042
-0.0008	3.043
0.0	3.044
-0.003	3.045
-0.0083	3.046
-0.0128	3.047
-0.0128	3.048
-0.0128	3.049
-0.0135	3.05
-0.0128	3.051
-0.0113	3.052
-0.0068	3.053
-0.0015	3.054
0.003	3.055
0.0082	3.056
0.006	3.057
0.006	3.058
0.0045	3.059
0.003	3.06
0.0007	3.061
-0.003	3.062
-0.0023	3.063
-0.0008	3.064
0.0022	3.065
0.0045	3.066
0.0082	3.067
0.0105	3.068
0.0105	3.069
0.009	3.07
0.0082	3.071
0.0067	3.072
0.0052	3.073
0.0015	3.074
-0.0008	3.075
-0.0023	3.076
-0.0046	3.077
-0.0068	3.078
-0.0053	3.079
-0.0046	3.08
-0.006	3.081
-0.0083	3.082
-0.0083	3.083
-0.0068	3.084
-0.0091	3.085
-0.0091	3.086
-0.0046	3.087
0.0015	3.088
0.0045	3.089
0.0075	3.09
0.012	3.091
0.0135	3.092
0.0135	3.093
0.0082	3.094
0.0052	3.095
0.0037	3.096
0.0007	3.097
0.0007	3.098
-0.0008	3.099
-0.0008	3.1
0.003	3.101
0.0082	3.102
0.0052	3.103
0.003	3.104
0.003	3.105
-0.0008	3.106
-0.0038	3.107
-0.0053	3.108
-0.0091	3.109
-0.0135	3.11
-0.0158	3.111
-0.015	3.112
-0.012	3.113
-0.0098	3.114
-0.0091	3.115
-0.0083	3.116
-0.0053	3.117
-0.0008	3.118
0.0015	3.119
0.0067	3.12
0.0105	3.121
0.0142	3.122
0.0165	3.123
0.018	3.124
0.018	3.125
0.0165	3.126
0.0165	3.127
0.0105	3.128
0.0045	3.129
0.0007	3.13
-0.0068	3.131
-0.012	3.132
-0.0181	3.133
-0.024	3.134
-0.03	3.135
-0.0346	3.136
-0.0346	3.137
-0.027	3.138
-0.0128	3.139
-0.003	3.14
0.0022	3.141
0.0052	3.142
0.0075	3.143
0.0105	3.144
0.012	3.145
0.012	3.146
0.0127	3.147
0.009	3.148
0.0082	3.149
0.009	3.15
0.0097	3.151
0.0112	3.152
0.0112	3.153
0.0105	3.154
0.0067	3.155
0.0045	3.156
0.0045	3.157
0.003	3.158
0.003	3.159
0.0045	3.16
0.0037	3.161
0.0015	3.162
0.003	3.163
0.0015	3.164
-0.0008	3.165
-0.0008	3.166
-0.0046	3.167
-0.0046	3.168
-0.0046	3.169
-0.0068	3.17
-0.0053	3.171
-0.0015	3.172
0.0037	3.173
0.0082	3.174
0.009	3.175
0.0082	3.176
0.0015	3.177
-0.0068	3.178
-0.0128	3.179
-0.0165	3.18
-0.0195	3.181
-0.0181	3.182
-0.012	3.183
-0.0046	3.184
0.0037	3.185
0.003	3.186
-0.0008	3.187
-0.003	3.188
-0.0053	3.189
-0.0053	3.19
-0.003	3.191
0.0007	3.192
0.0	3.193
-0.0046	3.194
0.0	3.195
0.0045	3.196
0.0052	3.197
0.0	3.198
-0.0008	3.199
0.003	3.2
0.0045	3.201
0.006	3.202
0.0067	3.203
0.009	3.204
0.0112	3.205
0.0105	3.206
0.0082	3.207
0.0045	3.208
0.0022	3.209
0.0015	3.21
0.0007	3.211
0.0007	3.212
0.0067	3.213
0.0067	3.214
0.0067	3.215
0.0105	3.216
0.0105	3.217
0.0105	3.218
0.0082	3.219
0.0105	3.22
0.0097	3.221
-0.0015	3.222
-0.0195	3.223
-0.0428	3.224
-0.0585	3.225
-0.0653	3.226
-0.0593	3.227
-0.048	3.228
-0.0375	3.229
-0.0165	3.23
0.0007	3.231
0.015	3.232
0.027	3.233
0.0315	3.234
0.0352	3.235
0.0382	3.236
0.0382	3.237
0.0382	3.238
0.0315	3.239
0.024	3.24
0.0225	3.241
0.0195	3.242
0.012	3.243
0.0045	3.244
-0.003	3.245
-0.0113	3.246
-0.0165	3.247
-0.0203	3.248
-0.0263	3.249
-0.0285	3.25
-0.0256	3.251
-0.0165	3.252
-0.006	3.253
0.0052	3.254
0.0142	3.255
0.0157	3.256
0.0135	3.257
0.0105	3.258
0.0067	3.259
0.003	3.26
0.0022	3.261
0.0	3.262
-0.003	3.263
-0.0083	3.264
-0.0113	3.265
-0.0135	3.266
-0.0143	3.267
-0.0128	3.268
-0.0105	3.269
-0.003	3.27
0.0037	3.271
0.0037	3.272
0.0067	3.273
0.0142	3.274
0.0187	3.275
0.0157	3.276
0.0082	3.277
0.003	3.278
0.0037	3.279
0.0075	3.28
0.0045	3.281
0.0007	3.282
0.0015	3.283
0.0037	3.284
0.003	3.285
0.0007	3.286
-0.0038	3.287
-0.0105	3.288
-0.0203	3.289
-0.0293	3.29
-0.0353	3.291
-0.0398	3.292
-0.0375	3.293
-0.024	3.294
-0.0068	3.295
0.009	3.296
0.0135	3.297
0.009	3.298
0.0082	3.299
0.0135	3.3
0.0225	3.301
0.0292	3.302
0.0307	3.303
0.0292	3.304
0.0292	3.305
0.0232	3.306
0.0142	3.307
0.006	3.308
-0.0046	3.309
-0.012	3.31
-0.0195	3.311
-0.033	3.312
-0.0473	3.313
-0.0495	3.314
-0.0361	3.315
-0.0113	3.316
0.0052	3.317
0.0097	3.318
0.0142	3.319
0.0157	3.32
0.0157	3.321
0.015	3.322
0.0097	3.323
0.0082	3.324
0.009	3.325
0.0112	3.326
0.0165	3.327
0.0292	3.328
0.0315	3.329
0.024	3.33
0.018	3.331
0.0067	3.332
-0.0038	3.333
-0.0075	3.334
-0.0128	3.335
-0.0218	3.336
-0.0256	3.337
-0.0203	3.338
-0.012	3.339
-0.0068	3.34
-0.0008	3.341
-0.0053	3.342
-0.0158	3.343
-0.015	3.344
-0.0105	3.345
0.0007	3.346
0.003	3.347
0.0007	3.348
0.003	3.349
0.0007	3.35
0.0045	3.351
0.0045	3.352
0.0015	3.353
0.0015	3.354
0.0015	3.355
0.0015	3.356
-0.0015	3.357
-0.0068	3.358
-0.0083	3.359
-0.0053	3.36
-0.0015	3.361
0.0082	3.362
0.015	3.363
0.0172	3.364
0.0157	3.365
0.0105	3.366
0.0105	3.367
0.0127	3.368
0.0225	3.369
0.0262	3.37
0.0202	3.371
0.0142	3.372
0.003	3.373
-0.0015	3.374
-0.0075	3.375
-0.0165	3.376
-0.027	3.377
-0.042	3.378
-0.0548	3.379
-0.06	3.38
-0.0533	3.381
-0.0405	3.382
-0.0195	3.383
-0.0015	3.384
0.003	3.385
0.0157	3.386
0.0277	3.387
0.0307	3.388
0.0277	3.389
0.0255	3.39
0.0292	3.391
0.0292	3.392
0.0345	3.393
0.0367	3.394
0.033	3.395
0.0277	3.396
0.018	3.397
0.0067	3.398
0.0015	3.399
-0.0083	3.4
-0.0308	3.401
-0.0458	3.402
-0.0533	3.403
-0.0533	3.404
-0.0495	3.405
-0.0383	3.406
-0.0091	3.407
0.0	3.408
0.0037	3.409
0.0112	3.41
0.0052	3.411
0.0052	3.412
0.0067	3.413
0.0127	3.414
0.0172	3.415
0.018	3.416
0.0262	3.417
0.0307	3.418
0.0315	3.419
0.027	3.42
0.0195	3.421
0.009	3.422
-0.0091	3.423
-0.03	3.424
-0.0473	3.425
-0.0488	3.426
-0.0346	3.427
-0.0098	3.428
0.0165	3.429
0.0292	3.43
0.0337	3.431
0.0345	3.432
0.027	3.433
0.012	3.434
-0.0068	3.435
-0.027	3.436
-0.0353	3.437
-0.0353	3.438
-0.039	3.439
-0.0443	3.44
-0.0353	3.441
-0.012	3.442
0.0097	3.443
0.015	3.444
0.0135	3.445
0.0142	3.446
0.015	3.447
0.0165	3.448
0.0142	3.449
0.0142	3.45
0.021	3.451
0.024	3.452
0.012	3.453
0.0052	3.454
0.0067	3.455
0.006	3.456
0.0037	3.457
0.0	3.458
0.0045	3.459
0.0075	3.46
0.006	3.461
0.0075	3.462
0.0045	3.463
0.006	3.464
0.012	3.465
0.012	3.466
0.0112	3.467
0.0075	3.468
-0.0015	3.469
-0.0143	3.47
-0.0256	3.471
-0.0285	3.472
-0.0278	3.473
-0.0165	3.474
0.0045	3.475
0.0105	3.476
0.009	3.477
0.0142	3.478
0.0202	3.479
0.018	3.48
0.0217	3.481
0.0337	3.482
0.0292	3.483
0.0247	3.484
0.0127	3.485
-0.0181	3.486
-0.0608	3.487
-0.093	3.488
-0.0968	3.489
-0.057	3.49
0.0015	3.491
0.0165	3.492
0.021	3.493
0.018	3.494
-0.0053	3.495
-0.0233	3.496
-0.0428	3.497
-0.0465	3.498
-0.03	3.499
-0.0105	3.5
0.0217	3.501
0.045	3.502
0.0607	3.503
0.063	3.504
0.0577	3.505
0.0525	3.506
0.0465	3.507
0.039	3.508
0.0195	3.509
0.0037	3.51
-0.0113	3.511
-0.03	3.512
-0.0443	3.513
-0.0436	3.514
-0.0315	3.515
-0.0518	3.516
-0.081	3.517
-0.0818	3.518
-0.039	3.519
0.009	3.52
0.015	3.521
0.0112	3.522
0.0052	3.523
0.0082	3.524
0.0262	3.525
0.0292	3.526
0.0292	3.527
0.0232	3.528
0.009	3.529
0.003	3.53
-0.0015	3.531
-0.0068	3.532
-0.0083	3.533
-0.0135	3.534
-0.0091	3.535
0.0217	3.536
0.0465	3.537
0.0397	3.538
0.0202	3.539
0.0165	3.54
0.0285	3.541
0.0202	3.542
0.0142	3.543
0.0142	3.544
0.015	3.545
0.0255	3.546
0.0247	3.547
0.0142	3.548
-0.003	3.549
-0.021	3.55
-0.0436	3.551
-0.057	3.552
-0.0458	3.553
-0.0165	3.554
0.0015	3.555
0.0112	3.556
0.0307	3.557
0.0435	3.558
0.045	3.559
0.0307	3.56
0.0127	3.561
-0.003	3.562
-0.0308	3.563
-0.0683	3.564
-0.096	3.565
-0.0871	3.566
-0.0518	3.567
-0.0285	3.568
-0.0091	3.569
0.018	3.57
0.0322	3.571
0.042	3.572
0.0472	3.573
0.0442	3.574
0.0277	3.575
0.0127	3.576
0.0082	3.577
-0.0046	3.578
-0.0308	3.579
-0.0465	3.58
-0.0315	3.581
-0.0135	3.582
-0.0023	3.583
-0.0015	3.584
-0.0068	3.585
0.0067	3.586
0.0187	3.587
0.0255	3.588
0.0255	3.589
0.0202	3.59
0.0142	3.591
0.0067	3.592
0.0052	3.593
0.0067	3.594
0.0135	3.595
0.018	3.596
0.0232	3.597
0.0195	3.598
0.0	3.599
-0.0338	3.6
-0.0706	3.601
-0.0825	3.602
-0.0608	3.603
-0.0278	3.604
0.0067	3.605
0.0442	3.606
0.06	3.607
0.0712	3.608
0.0712	3.609
0.045	3.61
0.021	3.611
0.0075	3.612
-0.0091	3.613
-0.0361	3.614
-0.0555	3.615
-0.0765	3.616
-0.0773	3.617
-0.045	3.618
-0.0128	3.619
0.0067	3.62
0.0187	3.621
0.024	3.622
0.0225	3.623
0.0217	3.624
0.0172	3.625
0.0105	3.626
0.0052	3.627
-0.0015	3.628
-0.0046	3.629
-0.0046	3.63
-0.0008	3.631
0.0075	3.632
0.0165	3.633
0.0127	3.634
0.012	3.635
0.018	3.636
0.0217	3.637
0.033	3.638
0.0292	3.639
0.024	3.64
0.0277	3.641
0.0082	3.642
-0.015	3.643
-0.024	3.644
-0.0278	3.645
-0.039	3.646
-0.057	3.647
-0.054	3.648
-0.0285	3.649
-0.0315	3.65
-0.0578	3.651
-0.0503	3.652
-0.012	3.653
0.0307	3.654
0.042	3.655
0.0382	3.656
0.0547	3.657
0.0727	3.658
0.093	3.659
0.0817	3.66
0.0315	3.661
-0.0338	3.662
-0.0953	3.663
-0.099	3.664
-0.0721	3.665
-0.054	3.666
-0.0473	3.667
-0.039	3.668
0.0045	3.669
0.0375	3.67
0.0532	3.671
0.063	3.672
0.0555	3.673
0.0532	3.674
0.0457	3.675
0.033	3.676
0.0202	3.677
0.0105	3.678
-0.0015	3.679
-0.0248	3.68
-0.0285	3.681
-0.0368	3.682
-0.0615	3.683
-0.0578	3.684
-0.0623	3.685
-0.0503	3.686
-0.0225	3.687
-0.0203	3.688
-0.0053	3.689
0.006	3.69
0.0052	3.691
0.0097	3.692
0.0217	3.693
0.03	3.694
0.033	3.695
0.0472	3.696
0.0622	3.697
0.0705	3.698
0.0517	3.699
0.0157	3.7
-0.0158	3.701
-0.0473	3.702
-0.0713	3.703
-0.0818	3.704
-0.0691	3.705
-0.03	3.706
0.0	3.707
0.0172	3.708
0.0412	3.709
0.051	3.71
0.0502	3.711
0.0292	3.712
0.003	3.713
-0.021	3.714
-0.0465	3.715
-0.033	3.716
-0.0143	3.717
-0.0173	3.718
0.0022	3.719
0.057	3.72
0.093	3.721
0.0892	3.722
0.078	3.723
0.0727	3.724
0.0502	3.725
0.009	3.726
-0.0308	3.727
-0.0706	3.728
-0.12	3.729
-0.1553	3.73
-0.1088	3.731
-0.0165	3.732
0.0352	3.733
0.0607	3.734
0.0847	3.735
0.093	3.736
0.0855	3.737
0.0802	3.738
0.0577	3.739
0.0075	3.74
-0.0413	3.741
-0.042	3.742
-0.033	3.743
-0.0443	3.744
-0.0953	3.745
-0.1493	3.746
-0.177	3.747
-0.18	3.748
-0.075	3.749
0.0472	3.75
0.1185	3.751
0.135	3.752
0.1192	3.753
0.108	3.754
0.0457	3.755
-0.0128	3.756
-0.0675	3.757
-0.1403	3.758
-0.1785	3.759
-0.1305	3.76
-0.054	3.761
-0.0218	3.762
0.0127	3.763
0.042	3.764
0.0622	3.765
0.0712	3.766
0.0892	3.767
0.1035	3.768
0.0915	3.769
0.0817	3.77
0.0652	3.771
0.048	3.772
0.012	3.773
-0.0308	3.774
-0.0615	3.775
-0.0773	3.776
-0.0278	3.777
0.0232	3.778
0.0165	3.779
-0.0195	3.78
-0.0436	3.781
-0.0248	3.782
-0.003	3.783
0.0375	3.784
0.0802	3.785
0.105	3.786
0.129	3.787
0.123	3.788
0.114	3.789
0.084	3.79
0.0037	3.791
-0.0975	3.792
-0.1793	3.793
-0.1913	3.794
-0.1575	3.795
-0.096	3.796
-0.0743	3.797
-0.0803	3.798
-0.0383	3.799
-0.0053	3.8
0.0322	3.801
0.0667	3.802
0.0645	3.803
0.0555	3.804
0.0367	3.805
0.0232	3.806
0.0142	3.807
-0.0075	3.808
-0.0353	3.809
